-0.000000	43.029221
0.000201	39.085853
0.000402	31.037760
0.000603	26.413708
0.000804	43.375224
0.001005	33.907125
0.001206	44.604501
0.001407	54.285916
0.001608	13.852266
0.001809	29.426734
0.002010	36.581194
0.002211	32.603630
0.002412	23.457158
0.002612	43.351884
0.002813	52.446671
0.003014	14.998745
0.003215	20.743823
0.003416	51.669594
0.003617	50.065759
0.003818	23.938926
0.004019	20.205500
0.004220	52.147892
0.004421	42.250981
0.004622	54.104686
0.004823	13.854720
0.005024	29.378926
0.005225	33.511567
0.005426	55.200634
0.005627	16.248320
0.005828	47.382490
0.006029	48.380144
0.006230	34.774125
0.006431	13.446959
0.006632	50.230094
0.006833	10.921915
0.007034	43.640083
0.007235	45.243322
0.007436	31.635859
0.007636	23.487801
0.007837	43.134124
0.008038	23.087194
0.008239	15.634372
0.008440	51.473083
0.008641	38.806246
0.008842	37.964465
0.009043	39.530982
0.009244	29.132535
0.009445	39.667488
0.009646	56.557540
0.009847	42.706898
0.010048	14.146881
0.010249	54.843910
0.010450	16.849552
0.010651	37.959802
0.010852	57.817974
0.011053	12.416706
0.011254	26.356962
0.011455	30.589599
0.011656	34.205582
0.011857	25.864810
0.012058	32.118229
0.012259	44.054369
0.012460	40.618208
0.012660	25.762975
0.012861	26.506979
0.013062	30.199897
0.013263	56.717903
0.013464	42.144371
0.013665	35.051103
0.013866	11.730883
0.014067	15.992374
0.014268	43.898131
0.014469	19.034143
0.014670	18.157468
0.014871	47.690901
0.015072	42.885726
0.015273	19.344078
0.015474	37.164953
0.015675	52.779013
0.015876	42.718815
0.016077	57.554044
0.016278	55.898096
0.016479	12.768172
0.016680	44.278239
0.016881	18.666016
0.017082	14.304347
0.017283	45.211322
0.017484	37.978096
0.017684	46.114889
0.017885	52.177041
0.018086	14.886637
0.018287	36.326528
0.018488	42.665929
0.018689	45.521488
0.018890	57.693774
0.019091	43.605427
0.019292	25.055728
0.019493	28.120754
0.019694	37.036648
0.019895	52.427696
0.020096	31.285255
0.020297	49.582742
0.020498	12.426356
0.020699	39.002588
0.020900	57.308361
0.021101	25.511192
0.021302	50.699857
0.021503	22.632095
0.021704	17.387796
0.021905	38.851624
0.022106	10.448609
0.022307	55.496209
0.022508	42.091922
0.022708	45.864974
0.022909	22.099807
0.023110	48.719718
0.023311	40.387955
0.023512	20.011754
0.023713	57.297572
0.023914	33.614208
0.024115	15.727148
0.024316	42.721841
0.024517	47.530781
0.024718	26.041819
0.024919	48.277404
0.025120	12.575328
0.025321	37.965742
0.025522	46.175013
0.025723	39.237671
0.025924	48.274199
0.026125	44.345961
0.026326	22.488849
0.026527	48.557020
0.026728	33.680216
0.026929	47.496148
0.027130	21.029584
0.027331	57.268228
0.027532	31.107884
0.027732	48.108261
0.027933	37.077987
0.028134	27.140178
0.028335	13.142517
0.028536	24.025561
0.028737	16.177778
0.028938	37.118431
0.029139	50.923459
0.029340	38.684590
0.029541	13.667189
0.029742	23.088327
0.029943	32.878443
0.030144	37.671953
0.030345	50.981736
0.030546	42.032207
0.030747	39.841882
0.030948	52.182615
0.031149	52.231873
0.031350	25.698765
0.031551	19.928503
0.031752	31.578479
0.031953	52.978532
0.032154	24.188914
0.032355	15.212603
0.032556	44.917917
0.032756	41.368059
0.032957	45.295732
0.033158	54.339591
0.033359	46.047465
0.033560	43.253482
0.033761	51.127819
0.033962	41.095498
0.034163	26.061497
0.034364	29.424434
0.034565	55.037457
0.034766	46.011941
0.034967	49.473105
0.035168	37.301532
0.035369	28.432608
0.035570	19.666487
0.035771	53.528669
0.035972	30.916218
0.036173	21.624003
0.036374	34.558218
0.036575	12.977021
0.036776	57.271375
0.036977	13.628755
0.037178	51.430421
0.037379	22.752813
0.037580	53.065315
0.037780	13.700890
0.037981	24.782747
0.038182	50.503679
0.038383	48.384672
0.038584	29.326713
0.038785	50.130816
0.038986	30.875080
0.039187	40.280899
0.039388	35.510810
0.039589	44.328027
0.039790	49.025293
0.039991	24.202481
0.040192	51.577404
0.040393	57.253300
0.040594	38.826852
0.040795	20.440278
0.040996	51.111523
0.041197	20.037892
0.041398	44.371208
0.041599	16.510935
0.041800	56.814902
0.042001	50.628504
0.042202	36.391368
0.042403	30.357991
0.042604	42.664384
0.042804	34.953587
0.043005	54.966311
0.043206	19.742004
0.043407	21.108962
0.043608	23.334878
0.043809	26.352978
0.044010	54.467504
0.044211	43.996250
0.044412	24.450756
0.044613	44.164731
0.044814	44.498003
0.045015	52.378719
0.045216	53.110992
0.045417	12.249297
0.045618	18.525106
0.045819	47.886559
0.046020	36.665271
0.046221	13.860664
0.046422	24.119010
0.046623	37.325353
0.046824	24.037244
0.047025	14.243960
0.047226	33.592751
0.047427	30.669678
0.047628	52.858329
0.047828	36.517050
0.048029	32.603171
0.048230	16.549881
0.048431	32.122096
0.048632	23.242183
0.048833	39.979391
0.049034	39.426564
0.049235	37.111693
0.049436	39.025045
0.049637	11.567169
0.049838	46.197595
0.050039	20.634509
0.050240	45.126561
0.050441	21.917001
0.050642	32.276452
0.050843	26.728194
0.051044	15.134790
0.051245	54.279915
0.051446	27.676486
0.051647	26.043943
0.051848	18.050471
0.052049	36.879865
0.052250	18.952508
0.052451	15.542660
0.052652	13.088170
0.052852	12.330178
0.053053	10.318222
0.053254	53.718876
0.053455	49.940323
0.053656	42.602424
0.053857	27.691697
0.054058	29.705429
0.054259	53.337815
0.054460	53.762407
0.054661	52.727955
0.054862	13.183968
0.055063	19.891531
0.055264	22.546242
0.055465	26.780199
0.055666	48.998999
0.055867	41.309049
0.056068	28.146272
0.056269	11.166300
0.056470	19.303620
0.056671	30.776411
0.056872	39.443068
0.057073	17.881915
0.057274	23.627790
0.057475	11.726779
0.057676	22.202903
0.057876	24.128986
0.058077	30.035168
0.058278	18.159565
0.058479	35.004635
0.058680	47.723770
0.058881	26.269845
0.059082	51.093388
0.059283	13.306000
0.059484	50.987368
0.059685	33.586708
0.059886	32.287862
0.060087	22.287304
0.060288	19.005901
0.060489	40.144811
0.060690	35.201517
0.060891	45.465487
0.061092	52.019145
0.061293	48.974399
0.061494	36.236739
0.061695	24.016528
0.061896	31.979997
0.062097	27.340105
0.062298	16.257767
0.062499	38.087294
0.062700	37.871342
0.062900	43.587215
0.063101	51.629634
0.063302	19.413032
0.063503	29.206393
0.063704	49.074398
0.063905	16.883157
0.064106	25.994439
0.064307	23.300096
0.064508	53.985650
0.064709	27.135218
0.064910	52.782142
0.065111	44.329225
0.065312	38.545695
0.065513	14.218464
0.065714	22.664697
0.065915	25.026050
0.066116	46.790463
0.066317	30.926098
0.066518	34.385820
0.066719	42.610754
0.066920	33.168661
0.067121	25.699653
0.067322	52.720477
0.067523	52.643969
0.067724	48.959123
0.067924	33.758186
0.068125	33.904600
0.068326	28.683727
0.068527	54.737289
0.068728	19.365576
0.068929	57.349411
0.069130	42.517881
0.069331	17.199057
0.069532	55.245093
0.069733	16.124403
0.069934	10.165032
0.070135	40.054416
0.070336	22.114839
0.070537	14.107093
0.070738	19.525219
0.070939	50.945503
0.071140	49.511237
0.071341	10.963375
0.071542	44.220199
0.071743	37.597568
0.071944	55.632023
0.072145	17.668853
0.072346	55.761772
0.072547	14.276536
0.072747	24.345850
0.072948	39.168648
0.073149	50.096681
0.073350	56.245940
0.073551	34.921875
0.073752	14.763146
0.073953	37.234656
0.074154	18.157078
0.074355	40.490422
0.074556	38.509593
0.074757	36.025918
0.074958	13.169421
0.075159	43.309590
0.075360	37.786734
0.075561	25.326067
0.075762	36.811723
0.075963	51.558984
0.076164	41.428902
0.076365	13.804764
0.076566	23.650822
0.076767	17.237977
0.076968	13.435574
0.077169	32.455579
0.077370	30.540550
0.077571	28.564748
0.077771	28.416955
0.077972	32.235943
0.078173	24.090913
0.078374	52.864691
0.078575	10.658248
0.078776	23.872400
0.078977	56.867191
0.079178	26.143389
0.079379	37.925442
0.079580	55.881101
0.079781	33.386115
0.079982	22.792825
0.080183	35.015090
0.080384	24.916604
0.080585	35.323837
0.080786	35.980828
0.080987	40.658827
0.081188	13.411009
0.081389	46.946381
0.081590	46.445293
0.081791	40.163439
0.081992	51.256158
0.082193	57.208198
0.082394	31.468386
0.082595	17.982781
0.082795	19.139304
0.082996	49.998100
0.083197	50.631702
0.083398	57.610146
0.083599	16.863789
0.083800	57.504075
0.084001	10.236211
0.084202	26.603822
0.084403	38.389741
0.084604	21.926444
0.084805	29.870461
0.085006	57.386533
0.085207	52.225637
0.085408	46.910255
0.085609	18.863378
0.085810	39.557544
0.086011	25.145634
0.086212	46.149405
0.086413	50.424585
0.086614	32.245685
0.086815	24.577256
0.087016	54.223316
0.087217	14.096976
0.087418	34.638943
0.087619	44.108494
0.087819	10.472428
0.088020	24.544571
0.088221	42.161176
0.088422	55.880157
0.088623	31.724257
0.088824	56.517894
0.089025	10.665024
0.089226	47.757544
0.089427	38.468542
0.089628	22.824629
0.089829	27.890658
0.090030	18.023451
0.090231	39.003902
0.090432	34.090418
0.090633	36.790451
0.090834	48.475966
0.091035	48.525786
0.091236	48.327513
0.091437	29.251746
0.091638	19.548681
0.091839	13.106610
0.092040	21.236485
0.092241	24.672866
0.092442	37.710991
0.092643	17.947525
0.092843	25.154708
0.093044	16.964264
0.093245	56.960764
0.093446	17.166970
0.093647	28.899449
0.093848	10.370027
0.094049	12.080180
0.094250	18.283377
0.094451	42.155964
0.094652	19.398362
0.094853	12.112332
0.095054	13.703055
0.095255	51.318050
0.095456	18.300733
0.095657	17.022804
0.095858	33.397198
0.096059	42.436866
0.096260	54.368468
0.096461	50.398595
0.096662	26.763315
0.096863	20.550006
0.097064	14.378342
0.097265	52.794120
0.097466	38.057565
0.097667	33.450579
0.097867	26.673040
0.098068	15.944777
0.098269	56.026959
0.098470	41.870522
0.098671	13.188015
0.098872	49.797507
0.099073	41.396697
0.099274	21.382328
0.099475	56.062615
0.099676	47.441937
0.099877	48.570200
0.100078	57.298719
0.100279	23.070654
0.100480	20.714934
0.100681	20.236160
0.100882	41.915325
0.101083	26.715005
0.101284	16.350008
0.101485	52.508057
0.101686	31.432098
0.101887	37.636246
0.102088	55.335906
0.102289	43.636875
0.102490	56.412076
0.102691	38.064893
0.102891	30.350367
0.103092	47.518241
0.103293	52.806503
0.103494	46.793743
0.103695	32.692545
0.103896	40.021295
0.104097	17.376036
0.104298	35.827235
0.104499	57.073763
0.104700	10.280443
0.104901	16.838639
0.105102	51.737901
0.105303	25.767014
0.105504	53.213175
0.105705	41.321775
0.105906	36.793667
0.106107	47.008974
0.106308	50.249364
0.106509	22.609209
0.106710	24.495110
0.106911	34.823304
0.107112	45.450012
0.107313	40.169756
0.107514	22.844022
0.107715	46.544086
0.107915	24.035643
0.108116	22.350082
0.108317	36.899150
0.108518	21.133386
0.108719	13.977829
0.108920	48.580241
0.109121	17.944126
0.109322	53.042000
0.109523	25.818098
0.109724	33.158394
0.109925	38.371826
0.110126	20.598713
0.110327	31.958484
0.110528	29.658572
0.110729	48.465689
0.110930	48.463282
0.111131	50.040754
0.111332	26.940197
0.111533	20.718574
0.111734	57.297550
0.111935	46.471481
0.112136	57.262864
0.112337	20.063679
0.112538	29.458600
0.112739	53.590804
0.112939	12.042542
0.113140	33.692947
0.113341	41.159812
0.113542	50.087104
0.113743	27.317226
0.113944	39.766005
0.114145	48.419252
0.114346	12.017063
0.114547	22.580281
0.114748	45.342846
0.114949	11.771462
0.115150	42.639626
0.115351	28.736740
0.115552	22.626742
0.115753	52.896280
0.115954	21.916354
0.116155	13.689121
0.116356	38.378060
0.116557	36.487780
0.116758	32.600448
0.116959	27.649289
0.117160	54.657717
0.117361	47.256378
0.117562	35.228033
0.117763	12.793650
0.117963	24.484499
0.118164	18.519835
0.118365	17.772096
0.118566	51.669727
0.118767	21.545193
0.118968	42.139651
0.119169	41.500868
0.119370	21.789483
0.119571	15.305369
0.119772	30.497411
0.119973	23.593589
0.120174	25.486070
0.120375	10.974570
0.120576	33.262964
0.120777	13.218807
0.120978	25.682481
0.121179	26.011647
0.121380	47.640008
0.121581	50.333854
0.121782	45.130637
0.121983	53.933421
0.122184	36.327524
0.122385	46.866468
0.122586	21.869495
0.122787	31.824220
0.122987	25.598348
0.123188	53.465204
0.123389	57.294788
0.123590	53.655324
0.123791	51.088847
0.123992	22.717184
0.124193	51.780963
0.124394	56.633074
0.124595	13.065292
0.124796	18.571879
0.124997	49.195645
0.125198	42.388429
0.125399	39.519534
0.125600	12.191008
0.125801	42.791632
0.126002	40.358534
0.126203	30.246820
0.126404	56.691783
0.126605	33.735169
0.126806	48.131872
0.127007	32.391763
0.127208	32.903073
0.127409	41.159114
0.127610	52.967348
0.127811	46.237592
0.128011	26.445958
0.128212	24.051802
0.128413	53.751987
0.128614	48.668659
0.128815	14.188298
0.129016	33.661996
0.129217	42.629695
0.129418	56.391634
0.129619	29.171551
0.129820	54.359001
0.130021	30.078902
0.130222	25.094769
0.130423	14.951282
0.130624	20.865134
0.130825	27.559633
0.131026	45.289744
0.131227	51.604425
0.131428	27.067653
0.131629	27.246827
0.131830	10.824525
0.132031	40.352845
0.132232	20.962450
0.132433	56.525915
0.132634	43.254024
0.132835	17.450483
0.133035	51.043565
0.133236	55.379727
0.133437	36.851574
0.133638	54.611123
0.133839	45.178207
0.134040	26.535225
0.134241	42.425432
0.134442	52.430971
0.134643	36.703071
0.134844	28.390555
0.135045	21.700336
0.135246	45.362245
0.135447	49.734572
0.135648	10.702846
0.135849	53.612727
0.136050	11.088245
0.136251	49.182160
0.136452	44.596982
0.136653	18.733920
0.136854	32.016930
0.137055	52.181214
0.137256	23.396180
0.137457	43.354894
0.137658	55.869677
0.137859	45.698443
0.138059	24.723608
0.138260	50.770602
0.138461	28.347855
0.138662	47.209246
0.138863	12.807878
0.139064	46.745132
0.139265	35.036988
0.139466	35.048885
0.139667	32.641163
0.139868	14.208198
0.140069	57.085747
0.140270	35.029825
0.140471	20.481899
0.140672	38.851990
0.140873	13.903297
0.141074	17.549755
0.141275	27.411991
0.141476	37.549659
0.141677	41.204189
0.141878	20.386279
0.142079	33.719893
0.142280	23.441354
0.142481	55.338576
0.142682	52.730648
0.142883	46.286372
0.143083	55.138242
0.143284	34.527948
0.143485	49.713519
0.143686	19.373516
0.143887	56.389549
0.144088	35.958861
0.144289	43.522413
0.144490	37.717714
0.144691	12.348202
0.144892	37.327859
0.145093	43.241588
0.145294	48.408078
0.145495	53.702468
0.145696	29.721009
0.145897	37.334592
0.146098	28.520306
0.146299	43.231305
0.146500	24.861146
0.146701	51.881447
0.146902	28.307856
0.147103	33.128925
0.147304	13.758083
0.147505	15.157766
0.147706	53.608175
0.147907	33.390819
0.148107	11.756512
0.148308	57.609476
0.148509	53.828388
0.148710	38.953542
0.148911	56.293551
0.149112	44.721285
0.149313	39.727281
0.149514	43.272421
0.149715	35.978351
0.149916	25.217331
0.150117	38.289613
0.150318	27.083320
0.150519	23.974486
0.150720	25.785069
0.150921	26.684371
0.151122	43.542193
0.151323	47.817462
0.151524	24.511334
0.151725	41.715817
0.151926	56.509764
0.152127	14.353584
0.152328	39.748069
0.152529	13.280563
0.152730	23.851014
0.152931	17.244677
0.153131	18.184078
0.153332	44.707837
0.153533	24.251565
0.153734	25.658377
0.153935	11.671660
0.154136	21.826866
0.154337	25.828993
0.154538	57.390175
0.154739	38.877954
0.154940	25.644135
0.155141	41.130376
0.155342	53.691973
0.155543	48.367122
0.155744	21.600145
0.155945	17.863840
0.156146	10.128419
0.156347	44.140346
0.156548	54.529826
0.156749	48.377151
0.156950	47.596818
0.157151	22.454266
0.157352	49.204378
0.157553	31.662875
0.157754	43.552916
0.157955	37.652197
0.158155	23.620768
0.158356	47.064154
0.158557	16.818682
0.158758	54.185052
0.158959	56.152959
0.159160	48.291794
0.159361	16.616452
0.159562	50.333467
0.159763	55.306985
0.159964	18.244369
0.160165	34.505535
0.160366	57.673694
0.160567	35.173919
0.160768	27.226180
0.160969	28.418563
0.161170	25.203248
0.161371	41.477163
0.161572	15.604652
0.161773	42.427710
0.161974	33.245962
0.162175	52.252925
0.162376	40.858415
0.162577	54.669242
0.162778	53.349482
0.162979	14.086064
0.163179	36.468790
0.163380	52.002858
0.163581	48.861587
0.163782	17.591589
0.163983	45.960395
0.164184	28.266663
0.164385	47.704246
0.164586	36.695705
0.164787	21.523550
0.164988	32.399442
0.165189	38.142645
0.165390	25.853152
0.165591	57.327165
0.165792	55.118226
0.165993	56.267796
0.166194	37.078346
0.166395	36.104055
0.166596	52.760021
0.166797	31.479041
0.166998	12.799378
0.167199	47.317448
0.167400	10.739776
0.167601	16.070843
0.167802	29.635821
0.168003	21.522312
0.168203	38.012190
0.168404	49.839639
0.168605	28.026157
0.168806	33.471509
0.169007	29.482780
0.169208	30.600778
0.169409	37.016045
0.169610	26.079620
0.169811	43.608573
0.170012	52.844256
0.170213	17.253863
0.170414	27.949519
0.170615	40.027062
0.170816	24.644342
0.171017	27.071368
0.171218	18.013032
0.171419	45.918526
0.171620	39.427858
0.171821	50.750595
0.172022	31.990662
0.172223	30.906412
0.172424	15.512697
0.172625	25.318614
0.172826	39.316630
0.173027	29.136858
0.173227	52.869489
0.173428	23.087962
0.173629	40.434458
0.173830	29.344043
0.174031	13.226354
0.174232	47.608763
0.174433	44.327362
0.174634	27.023945
0.174835	19.566824
0.175036	16.615676
0.175237	28.252646
0.175438	52.085714
0.175639	28.429591
0.175840	16.645092
0.176041	32.575383
0.176242	56.257414
0.176443	41.285713
0.176644	47.242384
0.176845	21.660264
0.177046	42.435791
0.177247	37.495484
0.177448	20.983344
0.177649	30.707565
0.177850	11.537418
0.178051	34.951890
0.178251	40.889554
0.178452	31.287107
0.178653	35.428561
0.178854	18.755086
0.179055	46.039794
0.179256	14.172114
0.179457	35.288036
0.179658	18.795286
0.179859	20.537980
0.180060	41.384146
0.180261	16.476637
0.180462	41.565804
0.180663	53.013444
0.180864	38.810795
0.181065	21.198921
0.181266	20.790031
0.181467	35.196329
0.181668	14.642356
0.181869	22.391303
0.182070	24.271133
0.182271	52.943851
0.182472	46.614997
0.182673	37.813736
0.182874	32.555696
0.183075	41.275722
0.183275	18.189061
0.183476	54.713856
0.183677	36.762363
0.183878	18.766161
0.184079	52.989910
0.184280	39.792880
0.184481	12.647537
0.184682	22.445585
0.184883	12.183649
0.185084	21.108691
0.185285	29.479822
0.185486	56.051172
0.185687	56.530781
0.185888	29.530482
0.186089	10.769359
0.186290	45.069125
0.186491	57.873408
0.186692	21.965992
0.186893	18.976629
0.187094	17.360778
0.187295	40.161508
0.187496	44.596447
0.187697	31.996970
0.187898	37.839333
0.188099	48.478954
0.188299	15.885414
0.188500	13.134489
0.188701	55.508094
0.188902	51.871344
0.189103	36.783741
0.189304	49.619367
0.189505	43.340093
0.189706	15.569902
0.189907	28.267684
0.190108	37.852438
0.190309	53.236111
0.190510	15.870603
0.190711	38.765510
0.190912	47.965237
0.191113	33.912617
0.191314	43.885399
0.191515	16.975511
0.191716	53.339252
0.191917	21.362397
0.192118	15.036364
0.192319	16.249740
0.192520	19.340053
0.192721	16.974512
0.192922	29.307980
0.193123	26.816647
0.193323	36.598561
0.193524	24.469497
0.193725	52.893046
0.193926	39.225080
0.194127	33.733095
0.194328	10.211965
0.194529	56.346026
0.194730	39.530367
0.194931	56.331375
0.195132	39.447455
0.195333	54.168357
0.195534	29.272027
0.195735	11.705988
0.195936	26.603627
0.196137	54.962355
0.196338	53.345941
0.196539	15.420470
0.196740	23.039995
0.196941	51.292247
0.197142	41.829260
0.197343	35.052487
0.197544	56.300107
0.197745	54.926110
0.197946	41.184282
0.198147	46.929497
0.198347	22.245744
0.198548	48.866055
0.198749	28.603347
0.198950	54.401834
0.199151	11.851477
0.199352	25.784539
0.199553	56.052537
0.199754	21.600853
0.199955	12.322136
0.200156	34.612606
0.200357	35.980303
0.200558	11.252428
0.200759	29.602572
0.200960	27.643703
0.201161	35.175783
0.201362	46.540352
0.201563	57.131378
0.201764	21.874888
0.201965	22.478792
0.202166	20.910296
0.202367	29.466549
0.202568	28.763535
0.202769	31.017599
0.202970	45.497018
0.203171	29.299523
0.203371	26.587305
0.203572	15.415001
0.203773	54.412829
0.203974	38.726553
0.204175	17.635623
0.204376	50.886205
0.204577	28.577770
0.204778	44.108296
0.204979	16.968671
0.205180	11.258604
0.205381	50.794539
0.205582	53.905822
0.205783	11.890127
0.205984	47.318894
0.206185	24.051365
0.206386	12.644626
0.206587	32.790338
0.206788	43.043990
0.206989	34.284268
0.207190	14.384169
0.207391	50.272747
0.207592	50.611760
0.207793	29.514666
0.207994	35.546115
0.208195	12.477231
0.208395	49.559067
0.208596	50.375481
0.208797	11.091146
0.208998	43.207997
0.209199	25.462537
0.209400	19.754929
0.209601	45.705709
0.209802	34.954013
0.210003	55.636093
0.210204	12.068870
0.210405	12.663550
0.210606	10.497713
0.210807	15.161816
0.211008	48.096984
0.211209	24.707780
0.211410	53.284723
0.211611	15.135893
0.211812	10.802745
0.212013	13.788832
0.212214	19.755125
0.212415	17.478641
0.212616	30.598367
0.212817	54.519771
0.213018	45.598278
0.213219	19.103664
0.213419	22.671238
0.213620	28.271089
0.213821	50.539490
0.214022	34.521330
0.214223	43.432220
0.214424	57.781799
0.214625	29.535221
0.214826	46.465540
0.215027	25.863430
0.215228	48.897143
0.215429	43.104234
0.215630	19.698921
0.215831	52.430649
0.216032	28.042319
0.216233	35.228677
0.216434	36.892297
0.216635	12.209750
0.216836	47.436432
0.217037	53.654969
0.217238	53.650547
0.217439	42.845300
0.217640	10.463258
0.217841	21.441085
0.218042	54.535286
0.218243	13.074981
0.218443	31.525620
0.218644	30.205590
0.218845	43.209065
0.219046	12.806402
0.219247	36.566311
0.219448	41.700497
0.219649	52.950715
0.219850	38.580749
0.220051	39.737971
0.220252	44.419005
0.220453	44.983201
0.220654	38.306456
0.220855	15.877592
0.221056	28.116577
0.221257	21.574131
0.221458	30.936079
0.221659	30.303446
0.221860	52.977886
0.222061	27.339601
0.222262	21.443310
0.222463	18.901608
0.222664	41.137807
0.222865	11.385832
0.223066	33.217495
0.223267	52.060658
0.223467	48.806800
0.223668	21.341946
0.223869	42.299500
0.224070	29.493363
0.224271	53.818101
0.224472	34.953684
0.224673	41.764049
0.224874	42.627885
0.225075	36.306044
0.225276	48.023678
0.225477	36.365565
0.225678	18.720499
0.225879	24.333806
0.226080	51.965217
0.226281	48.149445
0.226482	25.309732
0.226683	50.040572
0.226884	16.544670
0.227085	18.843113
0.227286	19.731906
0.227487	31.236167
0.227688	55.618698
0.227889	18.013057
0.228090	40.395318
0.228291	33.299205
0.228491	28.972722
0.228692	21.019863
0.228893	38.871995
0.229094	47.363102
0.229295	18.657937
0.229496	14.834048
0.229697	49.366380
0.229898	52.043630
0.230099	29.451391
0.230300	39.491200
0.230501	15.772729
0.230702	17.535476
0.230903	21.785261
0.231104	45.780260
0.231305	22.196254
0.231506	22.294881
0.231707	33.045643
0.231908	57.806321
0.232109	40.918661
0.232310	17.931314
0.232511	38.996227
0.232712	48.225382
0.232913	50.604200
0.233114	54.243310
0.233315	13.587631
0.233515	55.702994
0.233716	44.157219
0.233917	10.963093
0.234118	31.997690
0.234319	45.421424
0.234520	44.426868
0.234721	52.586210
0.234922	40.112563
0.235123	16.535860
0.235324	31.853485
0.235525	19.145402
0.235726	53.759397
0.235927	49.980736
0.236128	38.057170
0.236329	53.664470
0.236530	48.105562
0.236731	22.015105
0.236932	24.604727
0.237133	28.349231
0.237334	12.983089
0.237535	53.472724
0.237736	30.366427
0.237937	45.371918
0.238138	50.399998
0.238339	22.244108
0.238539	19.124290
0.238740	44.422432
0.238941	12.612540
0.239142	22.508625
0.239343	22.227063
0.239544	46.358390
0.239745	30.346587
0.239946	24.474244
0.240147	51.817385
0.240348	33.380634
0.240549	32.999161
0.240750	26.677752
0.240951	22.258967
0.241152	29.587365
0.241353	20.777742
0.241554	42.590346
0.241755	57.873338
0.241956	53.575690
0.242157	32.287778
0.242358	32.278281
0.242559	26.140058
0.242760	22.488651
0.242961	29.061811
0.243162	42.099667
0.243363	42.366887
0.243563	16.737626
0.243764	41.507374
0.243965	44.807209
0.244166	40.825916
0.244367	12.927348
0.244568	13.486099
0.244769	24.154384
0.244970	53.502293
0.245171	16.825194
0.245372	29.412679
0.245573	13.646798
0.245774	29.447372
0.245975	56.616815
0.246176	42.712301
0.246377	41.478278
0.246578	14.271971
0.246779	41.388394
0.246980	51.752662
0.247181	29.407703
0.247382	55.465542
0.247583	47.987368
0.247784	30.052563
0.247985	40.324441
0.248186	42.946967
0.248387	25.055736
0.248587	38.534296
0.248788	14.774023
0.248989	57.510687
0.249190	56.668075
0.249391	36.007126
0.249592	26.977418
0.249793	50.358708
0.249994	36.824324
0.250195	47.528785
0.250396	53.165044
0.250597	32.716323
0.250798	34.296096
0.250999	52.636520
0.251200	15.402506
0.251401	39.737892
0.251602	46.533158
0.251803	46.463302
0.252004	10.782832
0.252205	52.058697
0.252406	17.748465
0.252607	25.451036
0.252808	20.917727
0.253009	54.990106
0.253210	23.618874
0.253411	56.920686
0.253611	42.464506
0.253812	53.281927
0.254013	45.829082
0.254214	42.529182
0.254415	19.076346
0.254616	51.934350
0.254817	48.417590
0.255018	41.445516
0.255219	27.144340
0.255420	47.965781
0.255621	27.137219
0.255822	51.602098
0.256023	11.580450
0.256224	50.745306
0.256425	27.506656
0.256626	49.736707
0.256827	33.559742
0.257028	17.843509
0.257229	14.119953
0.257430	20.011451
0.257631	45.999345
0.257832	56.340515
0.258033	24.276187
0.258234	50.855067
0.258435	15.869798
0.258635	40.371933
0.258836	40.152004
0.259037	26.597838
0.259238	25.041781
0.259439	28.479104
0.259640	14.851108
0.259841	14.160830
0.260042	18.552202
0.260243	35.912056
0.260444	45.874880
0.260645	35.312623
0.260846	46.828009
0.261047	18.968058
0.261248	48.563029
0.261449	55.544839
0.261650	29.950773
0.261851	36.620674
0.262052	53.872608
0.262253	53.628354
0.262454	41.317173
0.262655	37.053171
0.262856	43.838731
0.263057	18.976997
0.263258	23.544873
0.263459	54.267250
0.263659	26.841050
0.263860	54.478155
0.264061	47.535023
0.264262	20.343596
0.264463	57.182184
0.264664	41.640614
0.264865	46.356246
0.265066	50.077036
0.265267	16.325920
0.265468	19.024943
0.265669	14.913358
0.265870	26.478498
0.266071	13.897392
0.266272	11.534479
0.266473	34.980351
0.266674	20.944542
0.266875	24.545309
0.267076	29.647925
0.267277	50.652997
0.267478	56.991433
0.267679	39.024052
0.267880	33.624200
0.268081	49.322458
0.268282	39.566812
0.268483	35.125364
0.268683	38.247699
0.268884	14.569788
0.269085	18.168870
0.269286	21.888722
0.269487	54.635876
0.269688	53.263729
0.269889	53.663344
0.270090	51.088823
0.270291	56.748996
0.270492	37.655625
0.270693	14.911979
0.270894	51.625312
0.271095	25.659331
0.271296	15.769492
0.271497	48.558564
0.271698	16.418650
0.271899	29.206613
0.272100	49.493419
0.272301	52.774957
0.272502	27.156215
0.272703	17.296141
0.272904	39.443064
0.273105	48.648294
0.273306	34.206646
0.273507	14.162620
0.273707	42.247368
0.273908	23.788859
0.274109	36.130282
0.274310	10.915100
0.274511	48.908408
0.274712	57.751768
0.274913	24.298564
0.275114	22.449368
0.275315	45.989007
0.275516	43.811304
0.275717	11.971650
0.275918	55.527449
0.276119	40.049225
0.276320	12.617704
0.276521	50.789939
0.276722	39.301498
0.276923	19.047465
0.277124	57.043547
0.277325	40.108770
0.277526	19.033957
0.277727	35.323950
0.277928	29.318363
0.278129	31.626167
0.278330	56.284661
0.278531	48.299885
0.278731	38.251398
0.278932	31.484720
0.279133	21.659651
0.279334	35.118335
0.279535	54.436656
0.279736	29.271751
0.279937	47.368218
0.280138	17.602962
0.280339	34.242826
0.280540	52.885105
0.280741	39.977510
0.280942	37.359685
0.281143	21.880512
0.281344	34.725787
0.281545	49.397603
0.281746	11.259709
0.281947	55.317657
0.282148	12.069480
0.282349	20.328215
0.282550	42.590843
0.282751	52.878797
0.282952	11.550541
0.283153	55.009388
0.283354	22.503050
0.283555	50.489881
0.283755	44.079810
0.283956	29.122411
0.284157	45.269784
0.284358	35.875731
0.284559	54.463714
0.284760	22.642146
0.284961	45.421228
0.285162	45.865661
0.285363	51.484512
0.285564	52.725580
0.285765	52.690139
0.285966	24.570360
0.286167	23.805298
0.286368	46.301370
0.286569	35.518125
0.286770	50.744358
0.286971	26.147347
0.287172	33.118271
0.287373	56.278546
0.287574	50.979647
0.287775	13.356934
0.287976	37.253717
0.288177	41.854357
0.288378	37.053003
0.288579	43.361070
0.288779	19.768618
0.288980	28.815807
0.289181	37.364138
0.289382	28.302532
0.289583	30.426223
0.289784	19.065025
0.289985	19.395507
0.290186	41.214952
0.290387	38.293247
0.290588	44.968015
0.290789	14.923496
0.290990	51.610445
0.291191	35.032154
0.291392	16.206033
0.291593	36.996588
0.291794	18.695009
0.291995	32.674704
0.292196	50.139993
0.292397	37.776505
0.292598	51.564026
0.292799	21.611560
0.293000	31.760090
0.293201	39.176080
0.293402	25.489840
0.293603	39.003907
0.293803	34.994267
0.294004	28.709691
0.294205	28.929848
0.294406	11.495817
0.294607	52.073804
0.294808	19.934062
0.295009	45.031225
0.295210	44.158717
0.295411	51.629743
0.295612	19.902621
0.295813	52.624799
0.296014	51.388997
0.296215	47.698649
0.296416	43.539879
0.296617	34.147887
0.296818	54.360834
0.297019	16.802008
0.297220	12.197790
0.297421	20.066258
0.297622	37.538645
0.297823	26.471565
0.298024	51.986771
0.298225	13.434155
0.298426	18.462085
0.298627	51.864054
0.298827	45.608969
0.299028	22.017725
0.299229	57.574209
0.299430	30.714434
0.299631	47.733759
0.299832	37.779427
0.300033	44.576231
0.300234	27.050279
0.300435	56.862461
0.300636	24.969790
0.300837	56.297771
0.301038	11.865892
0.301239	56.286202
0.301440	53.481582
0.301641	39.171170
0.301842	34.419968
0.302043	24.136891
0.302244	32.073908
0.302445	49.721088
0.302646	37.344738
0.302847	54.618619
0.303048	20.048913
0.303249	52.087672
0.303450	41.652868
0.303651	54.800228
0.303851	43.666513
0.304052	15.173960
0.304253	37.250332
0.304454	11.837323
0.304655	53.645709
0.304856	13.983491
0.305057	43.611349
0.305258	40.567846
0.305459	26.548539
0.305660	14.715339
0.305861	18.898411
0.306062	21.808413
0.306263	14.946023
0.306464	46.916512
0.306665	38.038302
0.306866	56.656016
0.307067	42.904409
0.307268	22.939837
0.307469	33.824776
0.307670	19.229860
0.307871	35.998263
0.308072	20.644570
0.308273	50.375960
0.308474	30.890256
0.308675	23.374322
0.308875	56.555532
0.309076	51.975423
0.309277	26.145778
0.309478	20.046428
0.309679	41.240726
0.309880	15.885448
0.310081	53.373837
0.310282	51.088959
0.310483	44.668053
0.310684	42.772614
0.310885	49.771762
0.311086	24.725874
0.311287	22.014242
0.311488	35.586551
0.311689	56.743275
0.311890	17.924773
0.312091	18.376194
0.312292	28.031697
0.312493	32.508380
0.312694	39.752708
0.312895	49.076041
0.313096	47.319309
0.313297	13.350702
0.313498	28.757185
0.313699	41.924394
0.313899	21.569690
0.314100	27.739103
0.314301	35.795932
0.314502	54.690421
0.314703	26.507545
0.314904	32.431680
0.315105	17.871743
0.315306	18.998081
0.315507	51.370131
0.315708	30.043833
0.315909	37.387387
0.316110	11.605484
0.316311	28.771596
0.316512	29.340371
0.316713	24.697918
0.316914	36.005745
0.317115	55.170948
0.317316	51.898671
0.317517	51.752086
0.317718	21.827335
0.317919	27.153193
0.318120	23.199893
0.318321	21.475030
0.318522	21.979205
0.318723	47.782473
0.318923	27.021320
0.319124	20.469620
0.319325	27.760861
0.319526	51.369281
0.319727	35.906452
0.319928	24.697008
0.320129	50.970631
0.320330	30.893988
0.320531	39.081053
0.320732	30.182853
0.320933	57.382235
0.321134	24.701848
0.321335	52.771558
0.321536	36.338871
0.321737	19.603326
0.321938	23.350285
0.322139	12.309171
0.322340	27.525707
0.322541	22.327295
0.322742	36.284884
0.322943	26.628859
0.323144	32.111073
0.323345	57.258250
0.323546	29.843456
0.323747	55.819820
0.323947	13.898766
0.324148	34.834337
0.324349	43.397440
0.324550	41.970468
0.324751	55.378815
0.324952	46.986368
0.325153	22.454180
0.325354	32.087333
0.325555	37.880244
0.325756	32.952983
0.325957	15.135090
0.326158	32.268321
0.326359	38.295533
0.326560	57.818208
0.326761	39.239676
0.326962	42.279279
0.327163	12.773863
0.327364	42.988645
0.327565	14.887405
0.327766	44.579438
0.327967	13.494796
0.328168	39.342053
0.328369	40.291304
0.328570	40.923118
0.328770	38.584171
0.328971	41.208827
0.329172	57.558458
0.329373	47.859825
0.329574	16.000155
0.329775	29.730587
0.329976	30.991565
0.330177	57.352962
0.330378	36.279445
0.330579	11.499271
0.330780	45.044425
0.330981	44.001068
0.331182	33.878233
0.331383	19.077928
0.331584	54.523868
0.331785	27.473730
0.331986	40.053521
0.332187	24.036406
0.332388	10.231543
0.332589	47.475488
0.332790	49.629812
0.332991	54.132309
0.333192	52.679001
0.333393	34.168382
0.333594	37.628750
0.333794	55.861956
0.333995	36.724445
0.334196	54.558715
0.334397	26.426397
0.334598	49.136006
0.334799	19.562034
0.335000	57.052512
0.335201	29.863298
0.335402	48.829449
0.335603	37.545952
0.335804	50.216535
0.336005	53.602442
0.336206	21.259563
0.336407	57.704726
0.336608	26.615107
0.336809	51.754797
0.337010	50.061846
0.337211	40.788378
0.337412	43.953371
0.337613	11.350446
0.337814	25.585492
0.338015	21.356997
0.338216	46.454250
0.338417	50.717961
0.338618	12.668522
0.338818	11.032068
0.339019	54.018984
0.339220	51.796169
0.339421	56.675355
0.339622	48.179731
0.339823	32.729797
0.340024	32.405231
0.340225	20.168906
0.340426	28.772467
0.340627	57.459707
0.340828	41.219724
0.341029	45.193620
0.341230	19.525825
0.341431	45.710258
0.341632	27.458032
0.341833	16.539289
0.342034	24.545156
0.342235	45.525383
0.342436	28.467461
0.342637	26.525369
0.342838	51.192687
0.343039	23.715702
0.343240	28.730102
0.343441	30.085602
0.343642	22.485678
0.343842	53.873234
0.344043	18.200340
0.344244	56.987764
0.344445	54.866043
0.344646	53.228075
0.344847	50.630933
0.345048	23.002180
0.345249	28.217928
0.345450	19.322723
0.345651	17.454456
0.345852	42.507684
0.346053	25.984163
0.346254	18.977998
0.346455	15.937453
0.346656	52.338091
0.346857	22.008546
0.347058	20.437507
0.347259	47.062373
0.347460	13.050907
0.347661	50.776375
0.347862	57.142902
0.348063	31.832103
0.348264	49.069070
0.348465	22.516724
0.348666	51.084712
0.348866	41.376871
0.349067	50.605544
0.349268	16.631732
0.349469	47.468415
0.349670	42.256417
0.349871	32.620664
0.350072	40.424963
0.350273	15.916781
0.350474	44.510035
0.350675	55.964220
0.350876	12.356360
0.351077	18.541243
0.351278	23.529074
0.351479	51.095347
0.351680	40.543908
0.351881	44.036755
0.352082	38.693032
0.352283	28.120533
0.352484	21.399125
0.352685	29.980216
0.352886	20.581653
0.353087	36.813407
0.353288	43.379100
0.353489	48.532411
0.353690	46.548280
0.353890	29.865438
0.354091	30.393356
0.354292	50.183638
0.354493	12.480860
0.354694	24.947110
0.354895	16.784981
0.355096	19.572274
0.355297	39.103797
0.355498	47.477708
0.355699	51.888298
0.355900	51.019668
0.356101	41.462199
0.356302	17.350513
0.356503	38.989841
0.356704	30.631424
0.356905	15.201134
0.357106	33.845237
0.357307	27.257399
0.357508	14.423950
0.357709	49.945203
0.357910	31.370993
0.358111	27.998778
0.358312	26.418031
0.358513	10.869370
0.358714	28.010407
0.358914	51.748023
0.359115	57.614879
0.359316	45.240987
0.359517	17.664193
0.359718	35.718681
0.359919	10.548775
0.360120	30.323601
0.360321	53.507573
0.360522	16.962436
0.360723	32.331919
0.360924	47.629502
0.361125	50.121339
0.361326	17.117747
0.361527	44.399151
0.361728	26.356569
0.361929	20.229563
0.362130	50.361725
0.362331	19.128204
0.362532	44.338952
0.362733	48.121891
0.362934	57.569029
0.363135	57.676026
0.363336	39.401593
0.363537	20.775152
0.363738	23.734354
0.363938	45.564861
0.364139	57.378714
0.364340	37.688866
0.364541	52.715067
0.364742	36.552426
0.364943	50.376207
0.365144	15.776920
0.365345	33.299370
0.365546	57.187056
0.365747	48.053065
0.365948	41.774782
0.366149	29.339010
0.366350	29.819444
0.366551	31.539413
0.366752	26.353953
0.366953	19.450768
0.367154	17.329118
0.367355	27.343699
0.367556	15.467839
0.367757	44.162091
0.367958	42.963751
0.368159	55.310738
0.368360	23.860115
0.368561	23.082938
0.368762	49.292275
0.368962	39.874569
0.369163	11.004601
0.369364	55.011507
0.369565	34.062717
0.369766	50.421760
0.369967	44.238276
0.370168	51.076642
0.370369	15.609494
0.370570	46.099776
0.370771	56.565120
0.370972	56.327904
0.371173	35.772985
0.371374	11.780670
0.371575	52.961106
0.371776	42.222511
0.371977	31.329824
0.372178	34.175299
0.372379	26.038454
0.372580	41.655194
0.372781	44.950259
0.372982	11.257665
0.373183	27.533350
0.373384	57.556930
0.373585	16.276237
0.373786	38.102526
0.373986	29.475248
0.374187	52.869768
0.374388	34.852325
0.374589	56.107586
0.374790	51.949353
0.374991	18.081839
0.375192	48.397577
0.375393	45.975478
0.375594	30.153626
0.375795	52.552634
0.375996	29.527643
0.376197	11.730278
0.376398	15.511512
0.376599	39.172564
0.376800	56.057171
0.377001	52.051014
0.377202	56.828825
0.377403	51.202137
0.377604	52.585411
0.377805	55.539698
0.378006	52.236829
0.378207	45.574049
0.378408	27.758574
0.378609	40.700333
0.378810	17.895753
0.379010	16.131896
0.379211	34.347752
0.379412	23.906809
0.379613	26.710617
0.379814	32.678923
0.380015	16.214551
0.380216	54.713800
0.380417	22.831461
0.380618	30.322274
0.380819	49.495754
0.381020	43.426327
0.381221	43.985394
0.381422	10.911234
0.381623	49.844921
0.381824	38.301612
0.382025	57.739082
0.382226	36.982641
0.382427	19.114719
0.382628	22.363258
0.382829	50.791447
0.383030	35.377884
0.383231	53.885007
0.383432	26.322849
0.383633	22.756717
0.383834	26.267404
0.384034	14.756310
0.384235	40.204342
0.384436	35.616862
0.384637	29.981590
0.384838	24.868260
0.385039	37.741865
0.385240	46.638450
0.385441	17.318065
0.385642	37.607537
0.385843	20.259494
0.386044	40.999203
0.386245	24.111149
0.386446	11.889956
0.386647	25.014652
0.386848	51.391512
0.387049	52.360161
0.387250	45.084662
0.387451	34.695058
0.387652	47.369298
0.387853	49.002189
0.388054	34.623115
0.388255	20.923700
0.388456	43.651655
0.388657	23.882993
0.388858	45.558261
0.389058	50.693405
0.389259	41.717161
0.389460	35.240884
0.389661	30.198458
0.389862	41.131760
0.390063	30.206900
0.390264	50.380120
0.390465	40.135561
0.390666	30.774071
0.390867	10.920079
0.391068	14.972592
0.391269	52.564946
0.391470	25.739796
0.391671	26.726112
0.391872	10.563343
0.392073	10.570796
0.392274	42.475389
0.392475	28.935657
0.392676	10.600863
0.392877	18.114244
0.393078	10.366017
0.393279	13.864921
0.393480	50.396353
0.393681	27.101305
0.393882	24.312202
0.394082	32.759241
0.394283	42.472621
0.394484	24.389390
0.394685	22.149013
0.394886	34.892062
0.395087	50.168012
0.395288	46.511767
0.395489	19.695365
0.395690	52.561132
0.395891	37.668775
0.396092	56.897326
0.396293	44.307978
0.396494	50.971311
0.396695	10.108203
0.396896	44.891644
0.397097	30.049384
0.397298	14.428730
0.397499	42.492071
0.397700	52.924451
0.397901	16.474884
0.398102	36.895660
0.398303	19.857856
0.398504	15.961078
0.398705	36.235646
0.398906	16.945616
0.399106	39.520433
0.399307	49.717291
0.399508	48.325781
0.399709	18.194770
0.399910	50.893955
0.400111	41.600098
0.400312	25.495329
0.400513	29.722060
0.400714	16.838401
0.400915	43.364748
0.401116	34.192069
0.401317	28.731600
0.401518	52.108174
0.401719	33.883121
0.401920	25.389272
0.402121	11.042023
0.402322	50.949102
0.402523	28.814122
0.402724	17.653779
0.402925	52.136902
0.403126	12.343586
0.403327	40.121450
0.403528	35.159130
0.403729	35.219686
0.403930	13.886592
0.404130	40.638542
0.404331	29.226919
0.404532	57.275091
0.404733	32.181744
0.404934	13.041012
0.405135	41.003860
0.405336	35.520109
0.405537	34.016007
0.405738	13.931649
0.405939	55.805236
0.406140	26.817251
0.406341	36.487632
0.406542	43.455383
0.406743	36.024015
0.406944	28.525860
0.407145	18.965557
0.407346	36.122549
0.407547	41.170754
0.407748	42.973052
0.407949	21.819356
0.408150	12.720687
0.408351	19.562914
0.408552	19.681222
0.408753	44.115596
0.408954	31.766616
0.409154	27.071671
0.409355	14.088307
0.409556	52.902573
0.409757	46.359072
0.409958	50.839026
0.410159	40.039896
0.410360	39.190413
0.410561	54.670766
0.410762	43.540584
0.410963	34.043738
0.411164	12.165785
0.411365	39.050667
0.411566	23.837048
0.411767	55.772557
0.411968	45.631152
0.412169	16.884733
0.412370	57.320437
0.412571	25.673792
0.412772	31.972726
0.412973	48.120583
0.413174	47.526420
0.413375	18.739182
0.413576	10.122323
0.413777	57.081505
0.413978	44.273315
0.414178	35.267971
0.414379	30.630000
0.414580	33.839328
0.414781	48.870034
0.414982	23.530151
0.415183	34.364662
0.415384	40.384885
0.415585	52.854350
0.415786	38.593757
0.415987	22.928636
0.416188	34.782468
0.416389	20.790072
0.416590	39.283101
0.416791	52.283558
0.416992	48.035788
0.417193	13.486176
0.417394	31.476803
0.417595	26.009929
0.417796	29.593794
0.417997	48.748974
0.418198	33.451774
0.418399	22.791640
0.418600	10.921808
0.418801	21.430665
0.419002	49.724736
0.419202	25.175570
0.419403	46.837025
0.419604	39.259701
0.419805	37.354832
0.420006	12.494505
0.420207	22.699368
0.420408	11.544898
0.420609	24.926730
0.420810	38.546195
0.421011	52.105927
0.421212	19.349528
0.421413	43.242497
0.421614	38.831179
0.421815	12.213636
0.422016	40.945194
0.422217	33.848525
0.422418	12.166472
0.422619	51.916651
0.422820	43.543834
0.423021	25.046941
0.423222	41.901716
0.423423	42.156472
0.423624	49.170395
0.423825	32.103703
0.424026	44.971779
0.424226	30.338018
0.424427	32.816585
0.424628	46.602152
0.424829	14.883459
0.425030	25.083056
0.425231	47.695570
0.425432	24.958743
0.425633	44.563166
0.425834	51.122167
0.426035	15.304582
0.426236	31.482700
0.426437	38.123468
0.426638	13.811579
0.426839	12.707591
0.427040	38.176664
0.427241	20.280853
0.427442	52.944887
0.427643	50.895526
0.427844	49.761352
0.428045	11.590617
0.428246	35.712178
0.428447	46.705540
0.428648	39.677257
0.428849	33.643689
0.429050	22.644218
0.429250	44.395633
0.429451	53.792654
0.429652	45.840974
0.429853	35.263676
0.430054	13.643595
0.430255	41.069311
0.430456	55.302523
0.430657	48.135232
0.430858	35.212518
0.431059	25.064765
0.431260	27.748159
0.431461	56.342957
0.431662	28.889835
0.431863	50.465626
0.432064	37.859277
0.432265	12.322603
0.432466	54.567534
0.432667	46.771932
0.432868	42.108346
0.433069	46.889433
0.433270	52.837822
0.433471	35.301902
0.433672	17.974393
0.433873	17.119195
0.434074	13.603042
0.434274	23.054425
0.434475	44.493578
0.434676	16.057215
0.434877	12.749184
0.435078	41.954643
0.435279	38.159113
0.435480	53.097300
0.435681	46.526430
0.435882	23.605968
0.436083	12.636290
0.436284	50.294249
0.436485	51.217759
0.436686	34.065688
0.436887	15.926649
0.437088	42.289714
0.437289	15.152711
0.437490	42.183408
0.437691	30.823626
0.437892	26.609507
0.438093	57.585492
0.438294	45.473316
0.438495	47.811230
0.438696	39.862465
0.438897	43.210025
0.439098	55.969420
0.439298	18.621591
0.439499	11.255239
0.439700	50.143821
0.439901	26.996618
0.440102	41.256314
0.440303	28.209992
0.440504	43.514005
0.440705	54.040742
0.440906	34.608518
0.441107	34.128701
0.441308	22.869183
0.441509	48.211359
0.441710	28.035903
0.441911	52.112859
0.442112	46.189129
0.442313	14.809872
0.442514	37.397039
0.442715	38.341635
0.442916	31.371453
0.443117	10.449075
0.443318	10.186740
0.443519	33.740639
0.443720	21.733284
0.443921	37.680315
0.444122	30.218185
0.444322	37.652525
0.444523	57.457719
0.444724	32.660555
0.444925	56.349151
0.445126	35.003562
0.445327	12.698968
0.445528	29.637765
0.445729	27.493091
0.445930	54.308866
0.446131	55.937158
0.446332	36.378290
0.446533	44.772326
0.446734	21.354687
0.446935	31.530228
0.447136	19.421453
0.447337	12.054601
0.447538	44.180850
0.447739	29.237448
0.447940	51.109634
0.448141	55.929354
0.448342	26.659360
0.448543	11.449990
0.448744	24.054389
0.448945	13.576237
0.449146	16.477445
0.449346	44.652877
0.449547	57.666840
0.449748	25.938029
0.449949	37.269479
0.450150	32.538377
0.450351	49.102273
0.450552	14.245229
0.450753	27.409140
0.450954	50.665005
0.451155	41.230218
0.451356	15.850435
0.451557	29.423440
0.451758	25.751571
0.451959	32.918147
0.452160	29.811705
0.452361	46.519407
0.452562	40.551197
0.452763	35.287935
0.452964	48.010177
0.453165	36.238891
0.453092	10.941435
0.453098	45.076844
0.453103	48.256963
0.453108	17.206325
0.453112	54.951875
0.453115	14.733910
0.453117	10.256893
0.453120	35.285792
0.453121	34.831669
0.453123	24.923572
0.453124	40.977389
0.453125	47.552806
0.453126	26.923903
0.453127	43.506845
0.453127	36.682014
0.453128	21.966459
0.453129	12.866790
0.453129	51.783822
0.453130	20.525025
0.453130	25.570823
0.453130	48.630666
0.453131	19.499905
0.453131	13.764410
0.453131	56.329660
0.453131	11.778535
0.453132	24.791460
0.453132	40.528891
0.453132	30.903831
0.453132	28.816792
0.453132	18.439032
0.453132	38.662831
0.453132	21.629792
0.453132	52.855478
0.453133	23.447753
0.453133	30.864855
0.453133	21.254107
0.453133	11.392453
0.453133	46.192611
0.453133	37.763606
0.453133	32.682809
0.453133	27.127667
0.453133	25.568665
0.453133	32.671654
0.453133	40.487818
0.453133	50.747066
0.453133	26.828961
0.453133	47.939680
0.453133	26.537544
0.453133	48.644579
0.453133	22.814304
0.453133	24.043086
0.453133	20.311843
0.453133	34.849430
0.453133	29.460617
0.453133	47.707138
0.453133	32.829384
0.453133	40.042268
0.453133	40.769267
0.453133	36.871404
0.453133	31.001746
0.453133	28.748211
0.453133	53.964471
0.453133	12.992177
0.453133	22.567314
0.453133	28.725304
0.453133	49.881768
0.453133	30.157102
0.453133	37.603712
0.453133	33.742328
0.453133	19.072943
0.453134	27.764251
0.453134	23.789976
0.453134	47.838216
0.453134	19.208805
0.453134	42.372362
0.453134	26.183958
0.453134	19.665490
0.453134	13.363198
0.453134	50.275055
0.453134	12.612756
0.453134	54.615367
0.453134	16.493365
0.453134	11.714484
0.453134	30.105126
0.453134	45.674173
0.453134	46.383910
0.453134	44.905528
0.453134	54.854736
0.453134	32.074716
0.453134	12.250306
0.453134	45.767375
0.453134	19.570603
0.453134	33.786935
0.453134	20.974995
0.453134	32.964912
0.453134	51.552694
0.453134	56.919503
0.453134	49.920696
0.453134	36.520888
0.453134	55.394386
0.453134	38.784665
0.453134	55.131143
0.453134	56.722216
0.453134	54.586064
0.453134	10.436824
0.453134	30.757548
0.453134	11.401833
0.453134	18.117328
0.453134	13.278224
0.453134	20.773223
0.453134	40.328167
