-0.000000	19.817239
0.000201	22.802118
0.000402	57.837581
0.000603	14.790064
0.000804	34.050079
0.001005	54.859218
0.001206	51.612035
0.001407	27.710880
0.001608	17.543464
0.001809	28.411278
0.002010	20.075194
0.002211	24.801110
0.002412	42.621287
0.002612	31.656964
0.002813	21.612608
0.003014	50.746190
0.003215	44.974009
0.003416	15.300043
0.003617	15.987669
0.003818	18.343391
0.004019	27.748763
0.004220	18.807159
0.004421	41.930830
0.004622	45.426414
0.004823	12.900808
0.005024	43.540763
0.005225	42.787564
0.005426	52.388261
0.005627	27.999384
0.005828	48.716292
0.006029	25.292376
0.006230	37.538493
0.006431	41.400048
0.006632	39.532727
0.006833	12.516136
0.007034	38.000649
0.007235	33.843945
0.007436	18.444421
0.007636	31.705385
0.007837	15.013082
0.008038	38.104757
0.008239	13.245130
0.008440	53.793437
0.008641	51.329778
0.008842	34.227768
0.009043	40.028217
0.009244	41.041318
0.009445	41.534143
0.009646	54.937047
0.009847	33.026142
0.010048	15.410265
0.010249	31.077654
0.010450	34.025931
0.010651	56.998400
0.010852	48.656865
0.011053	16.912695
0.011254	29.432976
0.011455	30.569242
0.011656	22.960422
0.011857	45.783078
0.012058	54.390658
0.012259	27.535862
0.012460	13.893550
0.012660	45.500974
0.012861	48.903362
0.013062	48.287221
0.013263	11.920022
0.013464	40.926807
0.013665	18.967203
0.013866	19.026554
0.014067	50.589253
0.014268	37.172090
0.014469	23.868454
0.014670	14.228937
0.014871	34.013736
0.015072	11.894347
0.015273	46.435767
0.015474	12.698789
0.015675	49.685957
0.015876	42.024028
0.016077	47.671971
0.016278	27.456196
0.016479	56.811674
0.016680	28.777890
0.016881	51.306916
0.017082	37.684685
0.017283	44.132913
0.017484	52.995297
0.017684	37.505368
0.017885	19.048173
0.018086	53.318060
0.018287	47.325468
0.018488	21.196828
0.018689	19.572045
0.018890	56.363783
0.019091	21.581820
0.019292	41.183908
0.019493	16.118856
0.019694	18.655669
0.019895	14.527554
0.020096	55.611496
0.020297	53.376617
0.020498	34.346907
0.020699	18.423845
0.020900	45.684320
0.021101	52.188922
0.021302	39.360726
0.021503	48.615578
0.021704	54.880453
0.021905	49.502212
0.022106	14.429572
0.022307	15.541213
0.022508	25.475990
0.022708	27.789460
0.022909	11.268880
0.023110	44.299099
0.023311	19.572091
0.023512	10.206375
0.023713	30.710410
0.023914	34.817126
0.024115	30.519912
0.024316	25.815118
0.024517	17.341056
0.024718	50.583326
0.024919	46.058941
0.025120	19.315242
0.025321	49.928535
0.025522	43.948623
0.025723	16.592797
0.025924	51.646157
0.026125	21.723924
0.026326	11.753063
0.026527	19.730647
0.026728	54.953233
0.026929	37.654959
0.027130	31.875378
0.027331	42.440639
0.027532	15.010695
0.027732	57.881558
0.027933	29.729102
0.028134	48.644909
0.028335	48.298364
0.028536	35.080833
0.028737	16.430467
0.028938	42.154831
0.029139	11.045605
0.029340	30.849665
0.029541	47.083412
0.029742	11.580658
0.029943	47.905168
0.030144	18.126815
0.030345	12.162533
0.030546	11.302679
0.030747	55.426613
0.030948	24.845116
0.031149	45.036534
0.031350	13.346343
0.031551	41.043285
0.031752	47.760102
0.031953	41.351927
0.032154	44.085719
0.032355	31.980889
0.032556	36.376831
0.032756	47.004332
0.032957	37.684451
0.033158	25.500687
0.033359	34.189099
0.033560	53.194421
0.033761	50.970060
0.033962	32.414116
0.034163	24.100879
0.034364	42.319885
0.034565	52.952242
0.034766	14.204808
0.034967	36.420811
0.035168	32.956875
0.035369	55.634031
0.035570	56.448985
0.035771	34.758360
0.035972	10.262311
0.036173	12.830255
0.036374	24.173476
0.036575	11.127190
0.036776	39.172539
0.036977	32.559300
0.037178	14.680429
0.037379	25.124031
0.037580	57.349920
0.037780	53.759262
0.037981	30.096903
0.038182	27.462402
0.038383	27.389699
0.038584	18.861875
0.038785	30.247501
0.038986	27.317470
0.039187	34.023752
0.039388	39.025498
0.039589	47.333180
0.039790	55.823743
0.039991	55.725477
0.040192	50.238717
0.040393	27.154319
0.040594	41.670530
0.040795	40.778989
0.040996	39.595746
0.041197	56.053747
0.041398	14.093705
0.041599	33.246954
0.041800	55.831898
0.042001	30.299135
0.042202	29.197576
0.042403	41.319639
0.042604	41.433696
0.042804	48.559376
0.043005	30.262608
0.043206	23.186676
0.043407	12.944508
0.043608	17.528479
0.043809	53.677609
0.044010	29.742682
0.044211	25.133036
0.044412	53.299628
0.044613	31.786491
0.044814	27.834493
0.045015	35.905599
0.045216	51.432100
0.045417	54.866814
0.045618	52.922492
0.045819	34.276971
0.046020	20.455802
0.046221	43.042967
0.046422	45.213001
0.046623	42.417560
0.046824	19.150830
0.047025	36.468532
0.047226	22.242425
0.047427	23.014070
0.047628	50.341825
0.047828	30.672636
0.048029	10.250521
0.048230	44.659867
0.048431	19.426103
0.048632	57.764267
0.048833	26.427223
0.049034	22.352331
0.049235	43.974794
0.049436	52.132619
0.049637	11.663337
0.049838	36.224866
0.050039	41.133816
0.050240	24.979249
0.050441	21.646559
0.050642	13.657921
0.050843	51.482139
0.051044	55.337853
0.051245	24.789303
0.051446	17.832045
0.051647	28.527023
0.051848	53.906334
0.052049	16.425426
0.052250	23.665542
0.052451	20.084699
0.052652	29.936371
0.052852	34.816869
0.053053	47.922041
0.053254	46.073656
0.053455	54.974275
0.053656	28.038711
0.053857	14.790234
0.054058	11.834896
0.054259	23.705258
0.054460	53.667951
0.054661	35.566671
0.054862	47.025994
0.055063	55.869609
0.055264	10.767339
0.055465	39.725558
0.055666	35.849642
0.055867	22.508583
0.056068	43.191377
0.056269	54.205506
0.056470	18.567791
0.056671	21.431206
0.056872	20.698538
0.057073	26.276274
0.057274	36.268607
0.057475	43.613319
0.057676	56.910003
0.057876	32.396776
0.058077	41.201514
0.058278	34.225771
0.058479	20.629344
0.058680	44.879727
0.058881	54.253988
0.059082	50.245835
0.059283	14.435055
0.059484	49.478856
0.059685	39.033232
0.059886	57.518544
0.060087	25.972632
0.060288	11.884259
0.060489	23.984610
0.060690	30.974187
0.060891	54.180634
0.061092	57.640964
0.061293	32.521159
0.061494	26.845131
0.061695	52.888097
0.061896	22.571126
0.062097	38.328631
0.062298	37.465278
0.062499	32.361695
0.062700	44.850846
0.062900	24.214964
0.063101	37.588957
0.063302	52.779451
0.063503	50.146288
0.063704	40.051037
0.063905	51.745792
0.064106	36.005744
0.064307	32.803602
0.064508	55.921151
0.064709	19.884036
0.064910	44.997625
0.065111	35.456743
0.065312	16.359786
0.065513	48.769401
0.065714	32.450164
0.065915	13.915081
0.066116	57.740557
0.066317	39.520890
0.066518	24.722166
0.066719	37.304276
0.066920	48.099092
0.067121	34.209025
0.067322	21.164739
0.067523	27.773728
0.067724	10.233233
0.067924	23.245103
0.068125	18.250960
0.068326	23.146901
0.068527	32.595017
0.068728	11.334996
0.068929	24.861363
0.069130	24.259647
0.069331	38.815624
0.069532	43.727466
0.069733	11.673224
0.069934	10.320781
0.070135	23.481000
0.070336	24.535172
0.070537	23.543031
0.070738	57.921137
0.070939	10.717666
0.071140	28.406441
0.071341	27.468920
0.071542	30.670908
0.071743	54.320907
0.071944	43.624047
0.072145	52.483628
0.072346	49.600730
0.072547	37.974417
0.072747	35.096491
0.072948	49.188546
0.073149	19.952376
0.073350	50.036007
0.073551	24.069963
0.073752	22.384402
0.073953	39.604318
0.074154	21.866383
0.074355	37.158396
0.074556	24.310240
0.074757	35.761899
0.074958	26.861347
0.075159	10.168903
0.075360	50.995802
0.075561	32.277262
0.075762	31.064441
0.075963	33.521470
0.076164	21.934032
0.076365	51.468078
0.076566	19.386614
0.076767	43.028646
0.076968	51.455231
0.077169	34.795477
0.077370	43.065115
0.077571	16.252968
0.077771	50.786423
0.077972	19.578591
0.078173	25.884693
0.078374	43.337663
0.078575	21.692804
0.078776	30.078531
0.078977	22.720721
0.079178	34.277343
0.079379	39.589332
0.079580	36.309335
0.079781	34.414445
0.079982	38.317636
0.080183	42.140573
0.080384	56.587480
0.080585	31.521559
0.080786	18.130652
0.080987	23.463113
0.081188	15.530476
0.081389	47.724612
0.081590	26.243759
0.081791	21.218598
0.081992	26.372668
0.082193	30.614766
0.082394	28.920973
0.082595	16.277869
0.082795	17.338400
0.082996	55.340381
0.083197	14.424203
0.083398	25.558597
0.083599	32.116807
0.083800	25.191679
0.084001	49.606952
0.084202	23.425307
0.084403	55.651727
0.084604	38.379437
0.084805	45.614258
0.085006	10.383958
0.085207	17.073302
0.085408	36.648849
0.085609	21.430612
0.085810	31.896439
0.086011	12.719288
0.086212	43.080576
0.086413	44.258250
0.086614	40.274286
0.086815	50.338009
0.087016	57.461959
0.087217	53.034481
0.087418	45.696281
0.087619	25.032845
0.087819	44.934839
0.088020	37.914899
0.088221	23.010827
0.088422	35.223121
0.088623	14.294665
0.088824	29.150461
0.089025	52.047850
0.089226	19.168595
0.089427	54.850040
0.089628	27.499855
0.089829	45.235327
0.090030	19.040245
0.090231	40.759259
0.090432	55.830363
0.090633	26.300706
0.090834	11.545216
0.091035	44.539244
0.091236	22.985751
0.091437	48.286455
0.091638	34.417136
0.091839	12.100054
0.092040	47.204849
0.092241	22.165747
0.092442	30.025535
0.092643	19.148263
0.092843	54.112127
0.093044	13.183676
0.093245	55.440895
0.093446	22.181324
0.093647	13.135317
0.093848	39.686781
0.094049	23.720815
0.094250	16.346433
0.094451	13.812083
0.094652	44.881830
0.094853	20.866203
0.095054	43.200842
0.095255	15.319599
0.095456	26.638364
0.095657	10.232086
0.095858	11.645101
0.096059	20.812584
0.096260	20.923280
0.096461	34.185125
0.096662	46.030481
0.096863	21.520363
0.097064	42.863129
0.097265	38.533565
0.097466	39.665378
0.097667	25.233225
0.097867	10.255181
0.098068	21.687999
0.098269	39.973595
0.098470	24.042502
0.098671	46.333275
0.098872	57.360469
0.099073	49.616141
0.099274	17.261606
0.099475	25.176600
0.099676	49.135098
0.099877	35.295433
0.100078	36.940029
0.100279	44.413685
0.100480	20.744446
0.100681	44.954189
0.100882	34.354400
0.101083	57.165875
0.101284	51.851392
0.101485	11.377771
0.101686	41.244054
0.101887	26.981180
0.102088	28.153788
0.102289	56.199265
0.102490	28.146721
0.102691	54.869743
0.102891	34.875491
0.103092	40.475117
0.103293	27.108442
0.103494	38.158189
0.103695	16.274368
0.103896	39.067076
0.104097	35.793530
0.104298	22.577202
0.104499	30.493337
0.104700	35.153224
0.104901	37.016948
0.105102	55.037877
0.105303	12.329406
0.105504	17.380878
0.105705	18.853843
0.105906	25.807570
0.106107	25.931916
0.106308	41.974636
0.106509	42.174992
0.106710	23.255261
0.106911	42.997339
0.107112	26.644667
0.107313	46.804083
0.107514	50.974898
0.107715	12.423148
0.107915	21.703968
0.108116	30.659472
0.108317	13.321184
0.108518	44.861854
0.108719	18.721836
0.108920	42.273638
0.109121	33.008263
0.109322	28.539036
0.109523	55.029808
0.109724	49.275526
0.109925	25.788199
0.110126	37.820932
0.110327	49.243132
0.110528	57.874930
0.110729	55.360694
0.110930	18.721142
0.111131	53.926399
0.111332	20.722358
0.111533	39.994714
0.111734	19.028767
0.111935	13.370452
0.112136	37.691003
0.112337	41.206955
0.112538	43.584768
0.112739	32.595740
0.112939	40.167594
0.113140	46.671960
0.113341	39.016948
0.113542	18.291655
0.113743	50.709960
0.113944	26.597815
0.114145	35.721465
0.114346	24.824498
0.114547	42.199885
0.114748	51.100292
0.114949	30.003656
0.115150	47.476227
0.115351	34.398344
0.115552	34.532183
0.115753	16.303671
0.115954	21.173186
0.116155	44.566378
0.116356	25.544492
0.116557	46.873267
0.116758	12.033437
0.116959	40.773530
0.117160	14.564065
0.117361	49.183570
0.117562	15.758237
0.117763	54.310790
0.117963	22.560954
0.118164	22.672394
0.118365	24.430400
0.118566	11.637350
0.118767	12.303736
0.118968	10.332801
0.119169	33.330174
0.119370	28.827311
0.119571	42.597163
0.119772	14.926994
0.119973	35.641018
0.120174	13.554391
0.120375	16.926254
0.120576	31.984392
0.120777	49.890050
0.120978	22.486705
0.121179	54.276904
0.121380	26.853109
0.121581	15.810931
0.121782	37.260238
0.121983	43.108415
0.122184	52.610781
0.122385	26.526111
0.122586	23.789843
0.122787	30.407999
0.122987	24.638567
0.123188	40.524969
0.123389	28.739810
0.123590	52.027722
0.123791	39.701204
0.123992	25.700338
0.124193	54.328620
0.124394	33.854601
0.124595	33.087300
0.124796	30.056374
0.124997	22.936395
0.125198	22.568051
0.125399	36.975500
0.125600	24.479126
0.125801	46.098433
0.126002	11.414778
0.126203	42.850169
0.126404	10.788412
0.126605	48.432982
0.126806	45.391280
0.127007	36.567967
0.127208	33.540825
0.127409	37.764310
0.127610	18.521264
0.127811	53.730996
0.128011	27.263142
0.128212	46.743670
0.128413	43.017431
0.128614	18.927437
0.128815	37.831140
0.129016	25.077760
0.129217	15.809631
0.129418	23.217699
0.129619	27.318250
0.129820	21.927757
0.130021	32.922022
0.130222	55.547204
0.130423	25.741134
0.130624	51.999801
0.130825	13.661025
0.131026	31.303644
0.131227	12.199233
0.131428	11.175300
0.131629	40.307223
0.131830	31.932336
0.132031	39.202338
0.132232	12.868742
0.132433	28.819397
0.132634	43.902301
0.132835	44.149957
0.133035	37.029786
0.133236	52.218695
0.133437	11.667601
0.133638	45.892217
0.133839	42.299393
0.134040	13.017546
0.134241	45.831824
0.134442	30.765009
0.134643	52.011139
0.134844	14.170202
0.135045	46.165676
0.135246	36.176036
0.135447	40.450785
0.135648	27.290805
0.135849	51.985601
0.136050	20.482960
0.136251	15.980697
0.136452	50.302503
0.136653	16.089571
0.136854	24.026427
0.137055	13.177511
0.137256	40.261733
0.137457	44.743448
0.137658	48.792218
0.137859	20.640847
0.138059	32.062655
0.138260	56.533038
0.138461	28.400720
0.138662	23.280940
0.138863	52.117648
0.139064	44.243046
0.139265	19.725194
0.139466	12.347566
0.139667	11.171409
0.139868	40.848510
0.140069	45.821221
0.140270	42.412072
0.140471	41.822915
0.140672	34.571852
0.140873	45.101544
0.141074	17.518203
0.141275	20.191581
0.141476	55.637848
0.141677	25.251920
0.141878	17.517183
0.142079	52.907619
0.142280	10.703474
0.142481	53.009421
0.142682	48.558689
0.142883	51.153231
0.143083	53.944197
0.143284	43.264297
0.143485	37.059594
0.143686	42.413133
0.143887	48.140759
0.144088	53.231151
0.144289	55.782882
0.144490	21.610852
0.144691	19.226824
0.144892	29.582360
0.145093	31.041068
0.145294	44.883746
0.145495	26.744545
0.145696	23.877773
0.145897	54.723710
0.146098	18.918588
0.146299	20.724533
0.146500	34.640687
0.146701	12.484649
0.146902	43.109365
0.147103	23.311588
0.147304	32.520945
0.147505	11.397871
0.147706	23.474247
0.147907	13.014507
0.148107	42.427502
0.148308	23.488338
0.148509	56.167204
0.148710	35.169660
0.148911	27.064201
0.149112	40.762138
0.149313	52.538277
0.149514	24.782517
0.149715	16.408941
0.149916	11.203088
0.150117	13.673962
0.150318	53.784966
0.150519	56.405984
0.150720	43.198073
0.150921	13.439258
0.151122	28.634290
0.151323	53.947738
0.151524	57.860996
0.151725	55.669115
0.151926	13.548816
0.152127	52.773829
0.152328	39.538588
0.152529	30.128787
0.152730	28.733480
0.152931	47.906757
0.153131	46.146227
0.153332	21.843044
0.153533	23.070711
0.153734	54.653653
0.153935	20.580107
0.154136	36.799901
0.154337	43.803375
0.154538	22.825662
0.154739	53.635499
0.154940	48.879969
0.155141	44.284861
0.155342	19.371476
0.155543	33.886954
0.155744	29.944598
0.155945	11.039445
0.156146	33.235158
0.156347	31.790064
0.156548	21.468478
0.156749	42.425262
0.156950	48.701673
0.157151	23.431214
0.157352	36.359175
0.157553	48.327524
0.157754	20.433284
0.157955	57.851875
0.158155	27.658264
0.158356	13.351846
0.158557	33.350677
0.158758	10.793528
0.158959	16.021962
0.159160	37.350526
0.159361	13.823793
0.159562	39.396626
0.159763	51.150633
0.159964	17.575602
0.160165	17.063303
0.160366	45.152863
0.160567	48.609840
0.160768	25.650123
0.160969	30.802418
0.161170	57.902329
0.161371	46.113532
0.161572	50.512036
0.161773	12.368086
0.161974	29.044716
0.162175	42.190653
0.162376	15.257120
0.162577	35.945132
0.162778	48.905028
0.162979	41.797689
0.163179	12.529221
0.163380	32.812632
0.163581	47.000239
0.163782	18.871904
0.163983	55.669614
0.164184	29.486832
0.164385	49.166576
0.164586	49.635519
0.164787	24.453362
0.164988	35.544716
0.165189	41.178150
0.165390	26.250749
0.165591	42.630567
0.165792	28.998131
0.165993	49.219357
0.166194	45.501312
0.166395	42.079628
0.166596	33.983703
0.166797	33.426810
0.166998	56.708311
0.167199	30.511007
0.167400	33.155890
0.167601	49.319625
0.167802	39.208004
0.168003	22.408196
0.168203	38.434749
0.168404	12.106017
0.168605	54.825081
0.168806	12.088721
0.169007	32.604378
0.169208	37.929167
0.169409	33.734717
0.169610	37.491623
0.169811	43.731727
0.170012	45.363490
0.170213	36.137905
0.170414	28.960888
0.170615	31.685527
0.170816	12.517176
0.171017	16.092110
0.171218	32.802553
0.171419	33.360638
0.171620	25.549260
0.171821	28.848401
0.172022	28.202744
0.172223	35.024698
0.172424	18.508702
0.172625	42.374249
0.172826	12.102361
0.173027	22.503697
0.173227	21.956139
0.173428	12.116741
0.173629	25.185685
0.173830	53.615542
0.174031	17.911968
0.174232	35.900957
0.174433	29.036719
0.174634	16.567764
0.174835	13.788171
0.175036	56.107466
0.175237	29.707953
0.175438	37.269230
0.175639	37.565109
0.175840	46.665453
0.176041	35.019066
0.176242	12.677336
0.176443	12.376806
0.176644	25.641178
0.176845	47.880486
0.177046	51.779457
0.177247	21.332556
0.177448	25.876366
0.177649	47.002099
0.177850	44.455705
0.178051	31.088106
0.178251	11.261162
0.178452	50.003425
0.178653	56.382721
0.178854	54.407118
0.179055	46.110018
0.179256	50.958914
0.179457	37.428894
0.179658	54.458058
0.179859	29.146870
0.180060	52.711475
0.180261	21.466751
0.180462	27.332150
0.180663	48.067215
0.180864	41.651440
0.181065	47.070527
0.181266	37.435850
0.181467	45.639857
0.181668	37.944591
0.181869	46.168424
0.182070	32.457674
0.182271	48.917443
0.182472	48.658251
0.182673	14.735176
0.182874	13.535536
0.183075	18.353654
0.183275	42.738771
0.183476	14.537908
0.183677	28.438463
0.183878	55.774887
0.184079	31.168013
0.184280	48.532912
0.184481	21.362263
0.184682	48.625552
0.184883	33.684664
0.185084	31.698194
0.185285	15.666084
0.185486	43.724068
0.185687	21.883641
0.185888	17.906388
0.186089	32.045646
0.186290	41.998509
0.186491	15.397042
0.186692	10.166826
0.186893	32.644204
0.187094	10.310938
0.187295	32.368514
0.187496	25.244926
0.187697	51.497905
0.187898	29.940075
0.188099	45.804912
0.188299	13.842078
0.188500	38.513213
0.188701	15.276694
0.188902	26.958773
0.189103	48.005120
0.189304	18.711347
0.189505	49.906171
0.189706	20.662837
0.189907	57.895644
0.190108	26.799737
0.190309	14.789124
0.190510	50.719389
0.190711	48.934787
0.190912	29.287057
0.191113	43.600934
0.191314	36.515783
0.191515	55.164025
0.191716	42.471215
0.191917	51.689924
0.192118	28.811897
0.192319	21.802635
0.192520	20.965774
0.192721	57.676423
0.192922	20.868557
0.193123	57.601899
0.193323	23.458907
0.193524	51.747466
0.193725	46.289035
0.193926	11.916876
0.194127	13.491077
0.194328	24.401208
0.194529	42.962101
0.194730	56.516645
0.194931	37.349014
0.195132	56.094905
0.195333	31.922180
0.195534	46.515172
0.195735	38.980235
0.195936	30.910875
0.196137	15.011954
0.196338	16.696810
0.196539	19.743168
0.196740	49.428480
0.196941	24.077849
0.197142	24.464598
0.197343	38.964556
0.197544	32.893855
0.197745	18.900760
0.197946	34.570217
0.198147	21.198165
0.198347	22.858946
0.198548	10.910357
0.198749	25.901154
0.198950	54.315642
0.199151	31.709282
0.199352	17.863420
0.199553	11.979999
0.199754	45.392434
0.199955	37.717898
0.200156	48.464755
0.200357	48.000865
0.200558	38.698525
0.200759	49.557283
0.200960	31.294253
0.201161	31.357400
0.201362	49.776747
0.201563	53.500045
0.201764	42.581871
0.201965	29.778174
0.202166	13.278685
0.202367	26.824870
0.202568	35.342407
0.202769	38.394372
0.202970	30.390142
0.203171	49.778216
0.203371	27.433541
0.203572	28.924240
0.203773	21.360699
0.203974	50.785516
0.204175	30.461402
0.204376	42.206444
0.204577	30.819952
0.204778	26.337987
0.204979	49.779407
0.205180	43.059744
0.205381	18.680713
0.205582	51.106906
0.205783	11.894151
0.205984	35.077013
0.206185	42.982479
0.206386	24.340847
0.206587	35.762235
0.206788	53.931772
0.206989	42.773496
0.207190	18.377192
0.207391	34.786989
0.207592	41.692503
0.207793	19.450948
0.207994	45.572680
0.208195	45.508379
0.208395	23.635640
0.208596	45.094356
0.208797	52.838058
0.208998	27.932629
0.209199	49.059482
0.209400	54.704941
0.209601	39.878864
0.209802	52.967488
0.210003	38.479918
0.210204	13.579964
0.210405	18.993516
0.210606	30.650681
0.210807	34.196335
0.211008	10.601613
0.211209	24.640648
0.211410	41.638701
0.211611	46.089606
0.211812	56.083382
0.212013	29.487628
0.212214	16.331412
0.212415	39.866614
0.212616	10.141398
0.212817	29.645999
0.213018	48.029111
0.213219	10.661955
0.213419	36.046112
0.213620	34.143067
0.213821	54.008222
0.214022	19.342988
0.214223	50.761646
0.214424	52.185747
0.214625	37.656280
0.214826	57.416207
0.215027	32.952891
0.215228	13.924468
0.215429	54.380745
0.215630	33.039377
0.215831	18.729482
0.216032	21.566696
0.216233	40.122273
0.216434	11.097536
0.216635	14.450608
0.216836	40.755646
0.217037	24.397658
0.217238	27.027914
0.217439	41.810625
0.217640	21.321038
0.217841	11.570889
0.218042	21.860411
0.218243	30.515172
0.218443	28.261002
0.218644	25.316288
0.218845	26.256220
0.219046	28.976504
0.219247	50.848994
0.219448	23.777676
0.219649	21.168621
0.219850	56.678518
0.220051	53.117097
0.220252	47.659521
0.220453	12.558918
0.220654	44.941516
0.220855	13.614968
0.221056	49.643659
0.221257	16.713643
0.221458	57.117240
0.221659	23.529468
0.221860	27.664804
0.222061	11.035574
0.222262	55.173226
0.222463	43.420426
0.222664	14.033164
0.222865	24.805444
0.223066	10.244753
0.223267	25.609653
0.223467	40.430944
0.223668	52.339976
0.223869	34.984554
0.224070	51.153112
0.224271	33.640190
0.224472	56.336005
0.224673	12.734812
0.224874	35.490475
0.225075	13.333554
0.225276	31.209193
0.225477	51.362796
0.225678	24.625107
0.225879	37.483246
0.226080	16.140107
0.226281	39.797197
0.226482	52.897278
0.226683	25.356256
0.226884	11.493382
0.227085	24.477035
0.227286	50.916030
0.227487	40.583283
0.227688	50.548227
0.227889	14.182665
0.228090	23.164603
0.228291	40.981315
0.228491	24.871683
0.228692	23.784667
0.228893	41.772303
0.229094	45.566514
0.229295	36.494204
0.229496	50.339805
0.229697	39.469989
0.229898	57.721760
0.230099	34.660859
0.230300	54.651933
0.230501	38.124666
0.230702	12.400682
0.230903	16.187638
0.231104	20.582946
0.231305	10.268196
0.231506	19.624078
0.231707	26.286031
0.231908	16.735974
0.232109	34.599715
0.232310	53.209089
0.232511	11.746928
0.232712	28.377746
0.232913	35.615916
0.233114	27.226624
0.233315	45.907561
0.233515	17.559598
0.233716	38.872902
0.233917	26.511026
0.234118	45.524478
0.234319	43.204353
0.234520	33.970703
0.234721	12.141264
0.234922	18.709114
0.235123	48.128110
0.235324	38.229995
0.235525	57.426808
0.235726	51.809715
0.235927	57.295501
0.236128	11.489889
0.236329	57.898178
0.236530	21.997531
0.236731	19.079318
0.236932	52.696434
0.237133	13.417380
0.237334	40.571377
0.237535	21.861847
0.237736	54.684286
0.237937	50.358362
0.238138	54.999665
0.238339	14.050339
0.238539	42.935842
0.238740	34.453169
0.238941	54.032287
0.239142	38.105039
0.239343	24.103375
0.239544	26.673075
0.239745	43.972921
0.239946	16.238959
0.240147	48.557351
0.240348	40.471213
0.240549	13.307817
0.240750	32.568396
0.240951	45.643650
0.241152	54.061264
0.241353	18.451383
0.241554	49.015506
0.241755	10.811850
0.241956	15.428906
0.242157	29.795409
0.242358	31.826039
0.242559	41.783691
0.242760	19.288350
0.242961	18.585241
0.243162	27.656694
0.243363	24.901194
0.243563	17.587456
0.243764	20.400678
0.243965	45.340626
0.244166	38.898788
0.244367	32.698133
0.244568	46.010417
0.244769	14.118018
0.244970	29.603537
0.245171	30.771406
0.245372	16.950886
0.245573	20.052970
0.245774	26.605848
0.245975	38.488678
0.246176	15.872993
0.246377	49.385838
0.246578	55.250577
0.246779	30.908775
0.246980	15.754381
0.247181	42.384830
0.247382	53.230309
0.247583	40.674588
0.247784	19.664309
0.247985	31.864239
0.248186	23.162720
0.248387	56.794169
0.248587	56.790819
0.248788	51.695195
0.248989	23.049455
0.249190	31.541028
0.249391	14.518912
0.249592	30.438948
0.249793	42.942782
0.249994	48.435544
0.250195	34.215714
0.250396	21.431293
0.250597	26.230441
0.250798	48.809876
0.250999	47.178152
0.251200	55.242690
0.251401	18.990664
0.251602	43.394601
0.251803	49.650930
0.252004	27.437749
0.252205	36.380702
0.252406	49.210990
0.252607	12.398092
0.252808	30.041059
0.253009	51.702186
0.253210	18.215981
0.253411	29.420795
0.253611	22.956117
0.253812	22.892074
0.254013	31.402778
0.254214	25.987117
0.254415	21.096634
0.254616	34.666515
0.254817	55.683977
0.255018	19.359069
0.255219	40.430182
0.255420	17.117105
0.255621	21.590863
0.255822	56.112038
0.256023	50.029676
0.256224	22.010287
0.256425	16.948317
0.256626	47.615202
0.256827	46.946568
0.257028	19.535801
0.257229	48.363228
0.257430	39.938797
0.257631	52.256064
0.257832	31.728424
0.258033	11.372970
0.258234	15.165982
0.258435	17.149164
0.258635	27.345345
0.258836	10.485068
0.259037	56.211932
0.259238	48.186833
0.259439	30.142257
0.259640	30.444684
0.259841	45.429821
0.260042	32.272441
0.260243	27.713416
0.260444	24.611885
0.260645	47.509645
0.260846	54.954515
0.261047	33.957513
0.261248	23.265190
0.261449	38.279597
0.261650	34.298984
0.261851	49.206792
0.262052	55.071258
0.262253	51.373598
0.262454	33.998138
0.262655	14.672918
0.262856	52.608492
0.263057	25.565503
0.263258	29.530251
0.263459	15.138585
0.263659	20.600954
0.263860	32.962159
0.264061	12.484926
0.264262	24.949779
0.264463	25.656067
0.264664	55.696658
0.264865	20.289025
0.265066	14.637183
0.265267	23.033001
0.265468	40.157887
0.265669	16.713205
0.265870	23.399458
0.266071	48.239505
0.266272	55.192634
0.266473	28.474801
0.266674	48.620375
0.266875	24.902399
0.267076	17.679219
0.267277	17.960938
0.267478	14.242421
0.267679	32.439599
0.267880	15.925877
0.268081	46.100539
0.268282	12.937570
0.268483	18.953027
0.268683	32.786782
0.268884	24.206127
0.269085	37.066129
0.269286	54.046523
0.269487	42.633519
0.269688	53.934012
0.269889	47.513860
0.270090	55.979680
0.270291	24.429001
0.270492	53.218355
0.270693	39.306316
0.270894	28.782731
0.271095	22.851840
0.271296	55.208522
0.271497	17.228040
0.271698	29.172121
0.271899	27.647111
0.272100	40.956792
0.272301	13.737793
0.272502	26.113760
0.272703	31.024616
0.272904	31.752452
0.273105	54.546297
0.273306	13.794915
0.273507	40.559844
0.273707	27.362345
0.273908	16.184056
0.274109	34.880150
0.274310	50.079609
0.274511	32.099228
0.274712	19.288422
0.274913	51.540205
0.275114	28.167433
0.275315	38.528928
0.275516	19.369157
0.275717	18.431421
0.275918	23.096392
0.276119	31.474365
0.276320	48.842594
0.276521	56.218257
0.276722	33.798535
0.276923	37.188963
0.277124	39.590323
0.277325	48.289507
0.277526	14.015471
0.277727	10.255941
0.277928	43.668803
0.278129	10.707379
0.278330	34.667739
0.278531	42.926513
0.278731	38.009794
0.278932	37.222963
0.279133	22.575577
0.279334	16.838276
0.279535	36.951383
0.279736	42.368252
0.279937	15.185864
0.280138	36.398046
0.280339	28.389057
0.280540	54.805030
0.280741	41.931314
0.280942	23.434986
0.281143	38.310965
0.281344	49.267700
0.281545	26.421472
0.281746	41.931679
0.281947	53.890221
0.282148	38.286633
0.282349	45.149510
0.282550	33.894032
0.282751	27.865053
0.282952	20.502999
0.283153	53.163540
0.283354	35.917747
0.283555	16.123692
0.283755	11.532136
0.283956	54.258838
0.284157	13.084777
0.284358	44.648552
0.284559	25.925659
0.284760	50.908157
0.284961	35.337942
0.285162	42.120156
0.285363	46.833657
0.285564	20.151534
0.285765	38.599624
0.285966	34.995344
0.286167	31.719805
0.286368	16.926703
0.286569	16.822909
0.286770	54.699718
0.286971	27.368890
0.287172	42.828591
0.287373	34.940293
0.287574	35.475014
0.287775	53.860473
0.287976	49.565538
0.288177	33.596284
0.288378	17.315949
0.288579	53.259997
0.288779	13.181545
0.288980	46.590869
0.289181	14.929681
0.289382	53.655491
0.289583	20.078302
0.289784	27.133941
0.289985	42.619445
0.290186	22.539760
0.290387	47.883978
0.290588	19.656476
0.290789	42.461080
0.290990	41.201062
0.291191	37.459012
0.291392	33.985971
0.291593	50.473345
0.291794	53.464872
0.291995	21.680787
0.292196	52.953029
0.292397	49.341291
0.292598	14.379893
0.292799	12.554603
0.293000	56.032920
0.293201	41.771022
0.293402	44.886921
0.293603	16.126369
0.293803	36.766238
0.294004	34.529971
0.294205	29.488049
0.294406	34.426212
0.294607	57.327192
0.294808	18.333514
0.295009	13.569793
0.295210	39.466994
0.295411	30.296860
0.295612	57.257604
0.295813	35.067057
0.296014	18.371857
0.296215	53.386748
0.296416	38.520089
0.296617	14.442509
0.296818	29.789167
0.297019	21.827852
0.297220	11.368503
0.297421	47.034055
0.297622	48.515359
0.297823	22.597578
0.298024	37.937959
0.298225	24.736706
0.298426	48.641454
0.298627	37.996310
0.298827	11.720765
0.299028	10.286623
0.299229	57.861394
0.299430	46.309048
0.299631	14.425794
0.299832	14.039497
0.300033	19.273492
0.300234	24.683811
0.300435	43.659407
0.300636	39.400847
0.300837	34.871154
0.301038	27.907995
0.301239	31.177219
0.301440	54.222436
0.301641	13.965463
0.301842	46.713660
0.302043	45.579566
0.302244	30.267181
0.302445	43.160979
0.302646	19.189135
0.302847	23.333249
0.303048	17.302212
0.303249	13.194313
0.303450	26.935007
0.303651	12.136919
0.303851	25.757713
0.304052	46.892277
0.304253	32.380114
0.304454	11.002663
0.304655	22.189073
0.304856	47.077166
0.305057	34.949385
0.305258	38.641314
0.305459	24.622594
0.305660	47.013303
0.305861	35.014287
0.306062	32.749270
0.306263	19.305081
0.306464	11.650320
0.306665	26.942850
0.306866	30.414270
0.307067	38.060117
0.307268	56.020180
0.307469	41.235248
0.307670	38.317451
0.307871	23.090987
0.308072	43.875877
0.308273	12.555993
0.308474	24.759710
0.308675	48.400582
0.308875	50.837761
0.309076	25.963601
0.309277	49.615302
0.309478	26.846739
0.309679	12.226718
0.309880	51.815736
0.310081	40.489220
0.310282	40.841172
0.310483	18.219107
0.310684	31.448751
0.310885	41.582640
0.311086	41.631740
0.311287	41.406797
0.311488	52.756856
0.311689	34.125694
0.311890	28.664362
0.312091	14.879332
0.312292	52.629335
0.312493	55.157891
0.312694	36.597982
0.312895	46.495857
0.313096	23.362394
0.313297	34.855512
0.313498	21.858428
0.313699	56.969398
0.313899	33.644354
0.314100	24.211745
0.314301	28.493099
0.314502	44.119081
0.314703	44.496697
0.314904	11.053524
0.315105	53.084310
0.315306	18.808556
0.315507	29.054524
0.315708	38.525445
0.315909	54.870171
0.316110	30.259755
0.316311	34.901643
0.316512	19.602305
0.316713	43.281038
0.316914	46.986427
0.317115	52.878501
0.317316	39.616828
0.317517	37.609838
0.317718	41.902032
0.317919	14.269248
0.318120	27.805461
0.318321	20.802670
0.318522	41.626416
0.318723	13.751600
0.318923	33.910201
0.319124	33.767730
0.319325	37.957099
0.319526	19.111015
0.319727	24.464189
0.319928	35.391927
0.320129	49.597774
0.320330	32.978322
0.320531	30.447186
0.320732	22.983400
0.320933	40.409152
0.321134	14.308079
0.321335	19.364242
0.321536	44.864652
0.321737	23.032585
0.321938	48.726140
0.322139	36.072745
0.322340	17.697923
0.322541	18.090587
0.322742	32.801193
0.322943	15.368624
0.323144	38.829163
0.323345	51.713059
0.323546	25.516481
0.323747	34.780954
0.323947	45.937166
0.324148	28.020364
0.324349	43.603318
0.324550	19.955429
0.324751	40.251991
0.324952	46.462947
0.325153	37.691432
0.325354	21.452116
0.325555	24.239424
0.325756	25.997268
0.325957	36.019345
0.326158	42.338839
0.326359	29.867999
0.326560	20.544578
0.326761	37.088471
0.326962	47.030801
0.327163	43.977330
0.327364	15.656557
0.327565	47.023476
0.327766	52.114037
0.327967	51.980845
0.328168	57.877571
0.328369	41.654993
0.328570	25.799172
0.328770	44.086031
0.328971	39.162046
0.329172	39.600545
0.329373	28.119086
0.329574	24.946503
0.329775	14.959748
0.329976	47.251272
0.330177	15.470321
0.330378	16.235158
0.330579	43.541076
0.330780	34.299468
0.330981	36.449447
0.331182	26.861480
0.331383	53.669765
0.331584	11.055891
0.331785	28.400800
0.331986	25.768409
0.332187	25.076555
0.332388	43.720512
0.332589	51.451792
0.332790	21.442566
0.332991	12.021093
0.333192	20.447580
0.333393	24.398121
0.333594	28.807056
0.333794	46.097063
0.333995	18.946686
0.334196	51.239936
0.334397	52.596537
0.334598	18.779820
0.334799	53.467309
0.335000	46.495650
0.335201	19.313653
0.335402	17.793160
0.335603	56.201762
0.335804	21.326483
0.336005	40.255540
0.336206	23.845707
0.336407	13.568150
0.336608	29.607471
0.336809	15.860814
0.337010	34.447760
0.337211	24.039484
0.337412	33.548628
0.337613	24.868377
0.337814	41.119813
0.338015	55.317543
0.338216	36.023065
0.338417	20.469907
0.338618	47.667005
0.338818	16.751149
0.339019	56.176903
0.339220	43.404431
0.339421	40.505176
0.339622	21.998247
0.339823	22.897548
0.340024	29.287391
0.340225	45.760112
0.340426	29.416347
0.340627	39.506170
0.340828	31.111547
0.341029	44.540192
0.341230	33.480439
0.341431	48.489378
0.341632	49.184688
0.341833	47.022523
0.342034	40.960599
0.342235	31.301289
0.342436	51.033395
0.342637	43.600926
0.342838	16.401430
0.343039	25.418877
0.343240	50.189410
0.343441	47.360505
0.343642	26.208315
0.343842	49.939146
0.344043	44.381176
0.344244	11.841133
0.344445	48.383563
0.344646	50.260315
0.344847	11.545203
0.345048	49.136339
0.345249	32.156211
0.345450	46.988883
0.345651	22.092558
0.345852	35.432321
0.346053	39.764525
0.346254	29.794575
0.346455	56.770207
0.346656	44.941737
0.346857	17.390395
0.347058	46.632696
0.347259	25.364568
0.347460	29.015245
0.347661	35.356789
0.347862	53.707117
0.348063	16.338690
0.348264	20.677600
0.348465	13.615517
0.348666	52.871030
0.348866	35.587148
0.349067	13.555388
0.349268	54.517945
0.349469	44.959160
0.349670	50.325964
0.349871	18.769276
0.350072	12.129837
0.350273	15.583962
0.350474	45.057623
0.350675	44.511551
0.350876	54.676828
0.351077	23.646479
0.351278	16.149752
0.351479	33.026351
0.351680	54.942857
0.351881	14.778793
0.352082	45.730792
0.352283	35.394462
0.352484	35.138732
0.352685	27.685150
0.352886	48.908070
0.353087	13.844953
0.353288	19.046996
0.353489	46.670502
0.353690	20.554729
0.353890	19.511687
0.354091	10.718847
0.354292	56.813307
0.354493	11.881300
0.354694	24.849525
0.354895	49.405922
0.355096	32.326417
0.355297	39.189453
0.355498	15.265701
0.355699	23.137589
0.355900	12.819089
0.356101	27.413691
0.356302	12.018489
0.356503	47.920723
0.356704	14.072842
0.356905	37.563696
0.357106	12.136107
0.357307	57.300719
0.357508	54.647853
0.357709	12.604072
0.357910	50.357924
0.358111	36.677561
0.358312	43.247306
0.358513	31.294872
0.358714	40.073319
0.358914	24.410182
0.359115	36.341052
0.359316	53.882511
0.359517	49.654450
0.359718	13.396924
0.359919	34.245557
0.360120	41.720926
0.360321	31.831137
0.360522	42.894613
0.360723	50.749289
0.360924	22.558561
0.361125	28.526256
0.361326	23.971605
0.361527	46.603438
0.361728	37.315096
0.361929	41.104484
0.362130	17.667917
0.362331	49.166240
0.362532	30.095764
0.362733	54.624775
0.362934	46.224703
0.363135	12.036096
0.363336	27.106807
0.363537	37.358384
0.363738	35.173966
0.363938	31.525915
0.364139	50.449813
0.364340	56.117630
0.364541	31.648240
0.364742	55.349792
0.364943	31.500151
0.365144	21.823666
0.365345	17.341168
0.365546	30.244877
0.365747	40.525675
0.365948	39.038750
0.366149	29.881150
0.366350	32.809788
0.366551	21.521706
0.366752	22.822309
0.366953	52.234963
0.367154	23.621867
0.367355	11.523942
0.367556	26.201830
0.367757	41.230180
0.367958	32.317007
0.368159	39.092548
0.368360	16.469876
0.368561	10.408249
0.368762	32.252853
0.368962	22.658214
0.369163	33.740152
0.369364	13.884004
0.369565	33.268770
0.369766	29.755351
0.369967	21.674663
0.370168	17.950341
0.370369	10.128132
0.370570	12.898040
0.370771	14.305100
0.370972	42.152512
0.371173	31.359496
0.371374	38.411598
0.371575	42.458615
0.371776	29.936627
0.371977	16.830038
0.372178	13.011536
0.372379	51.515376
0.372580	10.974319
0.372781	26.506465
0.372982	12.812274
0.373183	38.984397
0.373384	13.956822
0.373585	23.335493
0.373786	57.184738
0.373986	49.074851
0.374187	46.666786
0.374388	34.197608
0.374589	46.645089
0.374790	33.504931
0.374991	31.796892
0.375192	54.970210
0.375393	57.209310
0.375594	33.304549
0.375795	24.827602
0.375996	36.884029
0.376197	50.256302
0.376398	49.874826
0.376599	57.722427
0.376800	32.956482
0.377001	51.011280
0.377202	19.841581
0.377403	47.401565
0.377604	35.255565
0.377805	35.712782
0.378006	26.027123
0.378207	13.784932
0.378408	23.603302
0.378609	29.275807
0.378810	42.489570
0.379010	51.001858
0.379211	14.836154
0.379412	16.422920
0.379613	15.730174
0.379814	47.954019
0.380015	33.745555
0.380216	10.727791
0.380417	21.934221
0.380618	23.252844
0.380819	56.533778
0.381020	51.006056
0.381221	35.006021
0.381422	10.259953
0.381623	50.165663
0.381824	56.676562
0.382025	10.187611
0.382226	17.818234
0.382427	16.297599
0.382628	40.976410
0.382829	29.681145
0.383030	26.451613
0.383231	45.318034
0.383432	49.410920
0.383633	26.615494
0.383834	54.923696
0.384034	57.347514
0.384235	41.207457
0.384436	51.036664
0.384637	22.756886
0.384838	32.104399
0.385039	26.810435
0.385240	42.994605
0.385441	42.333097
0.385642	23.470350
0.385843	23.709464
0.386044	35.148856
0.386245	48.819305
0.386446	28.884677
0.386647	57.216362
0.386848	28.119120
0.387049	20.098640
0.387250	10.986126
0.387451	27.586950
0.387652	28.154408
0.387853	29.036993
0.388054	36.904149
0.388255	51.838735
0.388456	48.502736
0.388657	55.806079
0.388858	12.311475
0.389058	23.463529
0.389259	10.073768
0.389460	43.233835
0.389661	48.181575
0.389862	22.372078
0.390063	11.829974
0.390264	46.038245
0.390465	24.544276
0.390666	30.822477
0.390867	48.522973
0.391068	56.509006
0.391269	34.790679
0.391470	34.564622
0.391671	45.734779
0.391872	25.748502
0.392073	29.213469
0.392274	46.552435
0.392475	29.648063
0.392676	22.655956
0.392877	50.744896
0.393078	49.222450
0.393279	28.621005
0.393480	36.427249
0.393681	53.791478
0.393882	13.436113
0.394082	24.798796
0.394283	51.920790
0.394484	29.054710
0.394685	16.203381
0.394886	57.251072
0.395087	42.488875
0.395288	18.605765
0.395489	15.076855
0.395690	15.244637
0.395891	38.209679
0.396092	12.630832
0.396293	15.855032
0.396494	23.580233
0.396695	25.410850
0.396896	43.653833
0.397097	12.390701
0.397298	40.422824
0.397499	31.410373
0.397700	25.880064
0.397901	21.002266
0.398102	34.592427
0.398303	37.214483
0.398504	13.189123
0.398705	31.876553
0.398906	53.084366
0.399106	12.758735
0.399307	26.623140
0.399508	53.507917
0.399709	19.082709
0.399910	27.826137
0.400111	55.801254
0.400312	30.413739
0.400513	29.740065
0.400714	47.561133
0.400915	46.146836
0.401116	50.191808
0.401317	56.320941
0.401518	31.979825
0.401719	18.943153
0.401920	11.290943
0.402121	20.325427
0.402322	55.134292
0.402523	32.606100
0.402724	47.776869
0.402925	24.120078
0.403126	49.060651
0.403327	19.187927
0.403528	18.950230
0.403729	53.152000
0.403930	14.346064
0.404130	52.501860
0.404331	21.287322
0.404532	55.417622
0.404733	57.639729
0.404934	46.869856
0.405135	12.750982
0.405336	48.512836
0.405537	13.369064
0.405738	33.344972
0.405939	35.103050
0.406140	21.139188
0.406341	40.190284
0.406542	44.952742
0.406743	55.771701
0.406944	10.231388
0.407145	40.911093
0.407346	32.933474
0.407547	54.945176
0.407748	27.314789
0.407949	42.166564
0.408150	36.398125
0.408351	57.356766
0.408552	20.604235
0.408753	30.012228
0.408954	41.254376
0.409154	29.126945
0.409355	28.633921
0.409556	41.604628
0.409757	50.440256
0.409958	35.244608
0.410159	27.345518
0.410360	43.994441
0.410561	50.651038
0.410762	14.649393
0.410963	12.134851
0.411164	11.264914
0.411365	15.819918
0.411566	37.680711
0.411767	32.373419
0.411968	12.416770
0.412169	38.310757
0.412370	22.841041
0.412571	50.722437
0.412772	19.388151
0.412973	32.529960
0.413174	16.888200
0.413375	28.587721
0.413576	10.356348
0.413777	15.870293
0.413978	24.929225
0.414178	54.826549
0.414379	47.366179
0.414580	33.264513
0.414781	25.454223
0.414982	20.420988
0.415183	44.125811
0.415384	35.923881
0.415585	39.725536
0.415786	50.036468
0.415987	10.595660
0.416188	38.571662
0.416389	11.893470
0.416590	24.684444
0.416791	43.017050
0.416992	52.297323
0.417193	46.719201
0.417394	22.482124
0.417595	26.537626
0.417796	35.239310
0.417997	25.919283
0.418198	19.207296
0.418399	44.399634
0.418600	22.938511
0.418801	24.138138
0.419002	47.129433
0.419202	13.866813
0.419403	34.045716
0.419604	42.251796
0.419805	14.706477
0.420006	21.460614
0.420207	28.005147
0.420408	33.678725
0.420609	29.134972
0.420810	23.802278
0.421011	24.455926
0.421212	43.297987
0.421413	55.988907
0.421614	41.037511
0.421815	44.854788
0.422016	26.380732
0.422217	26.640054
0.422418	41.739886
0.422619	14.102626
0.422820	24.855839
0.423021	28.926177
0.423222	46.512568
0.423423	55.260687
0.423624	43.002895
0.423825	34.394574
0.424026	34.831344
0.424226	27.331824
0.424427	38.099940
0.424628	24.099344
0.424829	12.818449
0.425030	41.393670
0.425231	48.491756
0.425432	27.460453
0.425633	20.829822
0.425834	55.399794
0.426035	41.569095
0.426236	31.901453
0.426437	11.822898
0.426638	19.368594
0.426839	19.262345
0.427040	21.021499
0.427241	24.783161
0.427442	14.136101
0.427643	38.366386
0.427844	53.139257
0.428045	33.986046
0.428246	51.933329
0.428447	29.101865
0.428648	50.789192
0.428849	32.512633
0.429050	38.604014
0.429250	50.891673
0.429451	45.848134
0.429652	19.505035
0.429853	45.273905
0.430054	43.842004
0.430255	37.111626
0.430456	35.263951
0.430657	17.516460
0.430858	25.048100
0.431059	28.742601
0.431260	24.659157
0.431461	14.251847
0.431662	53.432145
0.431863	55.604342
0.432064	27.381171
0.432265	12.071825
0.432466	18.817741
0.432667	13.291254
0.432868	32.575055
0.433069	53.261178
0.433270	13.687083
0.433471	43.917484
0.433672	22.944728
0.433873	27.294357
0.434074	25.888373
0.434274	55.773739
0.434475	27.354514
0.434676	25.698994
0.434877	43.427817
0.435078	50.197671
0.435279	41.344842
0.435480	15.944460
0.435681	17.947384
0.435882	40.756077
0.436083	10.130928
0.436284	42.970658
0.436485	15.141844
0.436686	26.246824
0.436887	23.407121
0.437088	16.179856
0.437289	48.683675
0.437490	10.070585
0.437691	33.427404
0.437892	20.236551
0.438093	16.193775
0.438294	35.248965
0.438495	25.542766
0.438696	50.201770
0.438897	42.226366
0.439098	31.319558
0.439298	40.889540
0.439499	30.937712
0.439700	49.549714
0.439901	36.881075
0.440102	27.737367
0.440303	14.130379
0.440504	53.735184
0.440705	21.529467
0.440906	23.480257
0.441107	25.534501
0.441308	49.026806
0.441509	25.503948
0.441710	43.134049
0.441911	40.705316
0.442112	36.246309
0.442313	51.961985
0.442514	49.754825
0.442715	17.883721
0.442916	26.674361
0.443117	26.831562
0.443318	44.548081
0.443519	24.222992
0.443720	23.728115
0.443921	37.142206
0.444122	35.808146
0.444322	24.061541
0.444523	40.723664
0.444724	16.503196
0.444925	39.358150
0.445126	30.431735
0.445327	36.442048
0.445528	34.622492
0.445729	19.156431
0.445930	13.732837
0.446131	32.531719
0.446332	10.323644
0.446533	54.275614
0.446734	12.717799
0.446935	50.957294
0.447136	23.658342
0.447337	22.897170
0.447538	42.230381
0.447739	28.095129
0.447940	32.457253
0.448141	39.906762
0.448342	14.439128
0.448543	25.047105
0.448744	43.330899
0.448945	24.196202
0.449146	30.259327
0.449346	46.656290
0.449547	39.390144
0.449748	54.780635
0.449949	45.568053
0.450150	40.272769
0.450351	44.356134
0.450552	30.127232
0.450753	32.748379
0.450954	51.232905
0.451155	10.768402
0.451356	29.896603
0.451557	10.234884
0.451758	44.526461
0.451959	13.983726
0.452160	29.498228
0.452361	27.440094
0.452562	55.891649
0.452763	56.514390
0.452964	30.167219
0.453165	38.092303
0.453092	40.871676
0.453098	42.851510
0.453103	17.677010
0.453108	34.740256
0.453112	42.569030
0.453115	12.117352
0.453117	47.519683
0.453120	23.515645
0.453121	18.371396
0.453123	41.956565
0.453124	18.195044
0.453125	46.488014
0.453126	20.682761
0.453127	24.641092
0.453127	45.811130
0.453128	38.194252
0.453129	36.444486
0.453129	22.595312
0.453130	17.102266
0.453130	28.896426
0.453130	43.290649
0.453131	21.518033
0.453131	12.354832
0.453131	35.410597
0.453131	11.132940
0.453132	55.144493
0.453132	55.446938
0.453132	33.289598
0.453132	43.651139
0.453132	34.687318
0.453132	52.607374
0.453132	19.518481
0.453132	14.835958
0.453133	53.731307
0.453133	48.711405
0.453133	16.423601
0.453133	24.149099
0.453133	19.225873
0.453133	43.355053
0.453133	11.526573
0.453133	48.157767
0.453133	37.596066
0.453133	53.321138
0.453133	54.825989
0.453133	24.742808
0.453133	17.372420
0.453133	35.738100
0.453133	50.616776
0.453133	21.730764
0.453133	23.322717
0.453133	23.020866
0.453133	15.914945
0.453133	48.830600
0.453133	17.539405
0.453133	25.089651
0.453133	42.184524
0.453133	26.302490
0.453133	41.429711
0.453133	11.974768
0.453133	35.284822
0.453133	54.236938
0.453133	39.517940
0.453133	11.130801
0.453133	26.271751
0.453133	51.259012
0.453133	56.133299
0.453133	49.807997
0.453133	38.779657
0.453133	11.686890
0.453133	53.314974
0.453134	47.192396
0.453134	43.966664
0.453134	46.924144
0.453134	44.606578
0.453134	31.572919
0.453134	20.294258
0.453134	42.190819
0.453134	18.164722
0.453134	48.759211
0.453134	37.377623
0.453134	55.808788
0.453134	50.674471
0.453134	45.048522
0.453134	46.396785
0.453134	32.996535
0.453134	57.012375
0.453134	30.111909
0.453134	52.507206
0.453134	42.597699
0.453134	22.759425
0.453134	41.779964
0.453134	43.131132
0.453134	22.088928
0.453134	33.517534
0.453134	50.993338
0.453134	44.338440
0.453134	53.995480
0.453134	21.420432
0.453134	16.088284
0.453134	35.963776
0.453134	12.470880
0.453134	44.792880
0.453134	20.654661
0.453134	36.331496
0.453134	18.844366
0.453134	11.090830
0.453134	37.712893
0.453134	48.623678
0.453134	16.142173
0.453134	44.114671
0.453134	16.820827
