-0.000000	21.969686
0.000201	15.785064
0.000402	15.853492
0.000603	29.402873
0.000804	50.088013
0.001005	30.895206
0.001206	38.496833
0.001407	16.880147
0.001608	12.775881
0.001809	50.249654
0.002010	19.698718
0.002211	40.937580
0.002412	20.361025
0.002612	56.715257
0.002813	34.939081
0.003014	29.063901
0.003215	39.838617
0.003416	13.217228
0.003617	32.437099
0.003818	45.273549
0.004019	56.773581
0.004220	24.710420
0.004421	18.493888
0.004622	29.890112
0.004823	21.424414
0.005024	56.524675
0.005225	26.051112
0.005426	32.513139
0.005627	46.271826
0.005828	45.362041
0.006029	57.886147
0.006230	54.070776
0.006431	18.533254
0.006632	23.760900
0.006833	43.256424
0.007034	14.046872
0.007235	39.807657
0.007436	37.686358
0.007636	53.174234
0.007837	27.815136
0.008038	45.909102
0.008239	15.611650
0.008440	27.704380
0.008641	55.385394
0.008842	36.217663
0.009043	44.160519
0.009244	47.220527
0.009445	43.968219
0.009646	19.770411
0.009847	31.418465
0.010048	30.303508
0.010249	53.085835
0.010450	49.320647
0.010651	24.337594
0.010852	22.156246
0.011053	27.242921
0.011254	39.106948
0.011455	40.622133
0.011656	38.401551
0.011857	30.506327
0.012058	53.957794
0.012259	22.974890
0.012460	50.498175
0.012660	38.083934
0.012861	46.862051
0.013062	30.863924
0.013263	13.435604
0.013464	32.258355
0.013665	44.782967
0.013866	21.335498
0.014067	50.820675
0.014268	48.861466
0.014469	55.988863
0.014670	55.050063
0.014871	20.605850
0.015072	16.810274
0.015273	25.336682
0.015474	54.507150
0.015675	31.865033
0.015876	49.137983
0.016077	42.754639
0.016278	24.405444
0.016479	38.168315
0.016680	54.363544
0.016881	12.830971
0.017082	18.839671
0.017283	15.624636
0.017484	12.169667
0.017684	11.295430
0.017885	40.880854
0.018086	12.532123
0.018287	57.720667
0.018488	37.147269
0.018689	37.436297
0.018890	43.077894
0.019091	49.737230
0.019292	44.269470
0.019493	50.597409
0.019694	10.804803
0.019895	37.970109
0.020096	46.940913
0.020297	28.769958
0.020498	28.834594
0.020699	48.521502
0.020900	54.713395
0.021101	35.312884
0.021302	21.372094
0.021503	48.847647
0.021704	53.993720
0.021905	17.958531
0.022106	12.055582
0.022307	10.395115
0.022508	52.760071
0.022708	30.458906
0.022909	25.967395
0.023110	33.601941
0.023311	11.084474
0.023512	32.955526
0.023713	23.243588
0.023914	15.116702
0.024115	50.542404
0.024316	20.349766
0.024517	36.659695
0.024718	27.623188
0.024919	49.691650
0.025120	53.194932
0.025321	52.903715
0.025522	52.593199
0.025723	27.231553
0.025924	53.033073
0.026125	49.892583
0.026326	54.271351
0.026527	36.283304
0.026728	19.655708
0.026929	17.811410
0.027130	15.250962
0.027331	10.451764
0.027532	54.731237
0.027732	13.578633
0.027933	24.933935
0.028134	12.211395
0.028335	49.382898
0.028536	25.580980
0.028737	47.214353
0.028938	16.245042
0.029139	31.014706
0.029340	41.859147
0.029541	22.526552
0.029742	41.580866
0.029943	22.335439
0.030144	18.277639
0.030345	57.597892
0.030546	13.254865
0.030747	50.049516
0.030948	18.064225
0.031149	44.374147
0.031350	55.468373
0.031551	32.329323
0.031752	30.251533
0.031953	29.873393
0.032154	56.328926
0.032355	37.878734
0.032556	46.434498
0.032756	55.043588
0.032957	34.159454
0.033158	53.914472
0.033359	30.358665
0.033560	37.451513
0.033761	33.942334
0.033962	21.293474
0.034163	13.797927
0.034364	57.338263
0.034565	31.943608
0.034766	23.255087
0.034967	54.251761
0.035168	57.363512
0.035369	31.725747
0.035570	31.036168
0.035771	17.290926
0.035972	49.945686
0.036173	52.514124
0.036374	14.229227
0.036575	24.925870
0.036776	11.717935
0.036977	46.277824
0.037178	27.724367
0.037379	53.012582
0.037580	47.334375
0.037780	24.368243
0.037981	30.713244
0.038182	16.834821
0.038383	43.427507
0.038584	29.182548
0.038785	24.003135
0.038986	10.284698
0.039187	53.827629
0.039388	14.519617
0.039589	15.488255
0.039790	30.570253
0.039991	44.073992
0.040192	29.188802
0.040393	24.804643
0.040594	30.445148
0.040795	24.790703
0.040996	41.236977
0.041197	39.242309
0.041398	34.656695
0.041599	21.808617
0.041800	49.993254
0.042001	51.561559
0.042202	42.243479
0.042403	57.189511
0.042604	13.147423
0.042804	15.503351
0.043005	14.961755
0.043206	45.271886
0.043407	53.133639
0.043608	38.776398
0.043809	11.646515
0.044010	33.505237
0.044211	38.192353
0.044412	36.811024
0.044613	31.490230
0.044814	29.411137
0.045015	11.524341
0.045216	31.893964
0.045417	31.885357
0.045618	28.251584
0.045819	57.718375
0.046020	17.851534
0.046221	24.467922
0.046422	11.785572
0.046623	34.952705
0.046824	22.695491
0.047025	56.916623
0.047226	32.528383
0.047427	12.297197
0.047628	49.817085
0.047828	34.902312
0.048029	42.157196
0.048230	18.471580
0.048431	54.646449
0.048632	26.674414
0.048833	33.332902
0.049034	21.565513
0.049235	23.837759
0.049436	34.357936
0.049637	19.521865
0.049838	34.661725
0.050039	23.107734
0.050240	32.888351
0.050441	11.831326
0.050642	13.986426
0.050843	11.040474
0.051044	32.489687
0.051245	11.380673
0.051446	28.628346
0.051647	44.458657
0.051848	40.706636
0.052049	13.996416
0.052250	12.359551
0.052451	36.704850
0.052652	37.193718
0.052852	22.473559
0.053053	42.845152
0.053254	19.960830
0.053455	31.515070
0.053656	14.567954
0.053857	17.438073
0.054058	37.078756
0.054259	24.080774
0.054460	39.298004
0.054661	54.391202
0.054862	37.193094
0.055063	22.056418
0.055264	55.403523
0.055465	52.397835
0.055666	18.001903
0.055867	45.357171
0.056068	10.144618
0.056269	50.218165
0.056470	49.490981
0.056671	46.795696
0.056872	16.771838
0.057073	26.515480
0.057274	40.374486
0.057475	32.914521
0.057676	55.128999
0.057876	26.718798
0.058077	56.511866
0.058278	52.042607
0.058479	39.124907
0.058680	32.567127
0.058881	43.519607
0.059082	45.864749
0.059283	14.667573
0.059484	33.434461
0.059685	47.782431
0.059886	49.449748
0.060087	52.893692
0.060288	13.767516
0.060489	38.387130
0.060690	23.689620
0.060891	19.150111
0.061092	23.647285
0.061293	35.667320
0.061494	32.487450
0.061695	27.472677
0.061896	11.380722
0.062097	30.382427
0.062298	36.100992
0.062499	34.918693
0.062700	40.320233
0.062900	25.094893
0.063101	23.049484
0.063302	26.275380
0.063503	23.883536
0.063704	31.859239
0.063905	26.797927
0.064106	13.369880
0.064307	32.039775
0.064508	57.375243
0.064709	39.943696
0.064910	49.813282
0.065111	24.543154
0.065312	19.262450
0.065513	16.677010
0.065714	26.847573
0.065915	13.050859
0.066116	40.603664
0.066317	52.248162
0.066518	19.218688
0.066719	21.585302
0.066920	11.224470
0.067121	13.827367
0.067322	16.724490
0.067523	38.716901
0.067724	37.805475
0.067924	20.991379
0.068125	18.780552
0.068326	46.454684
0.068527	46.087539
0.068728	39.723768
0.068929	35.971938
0.069130	12.141034
0.069331	41.624241
0.069532	40.614112
0.069733	31.303824
0.069934	51.176622
0.070135	24.085834
0.070336	48.386974
0.070537	22.547464
0.070738	50.375476
0.070939	10.070074
0.071140	39.139976
0.071341	48.478234
0.071542	37.200013
0.071743	23.909395
0.071944	29.849545
0.072145	51.231707
0.072346	28.209560
0.072547	22.606311
0.072747	15.504477
0.072948	55.892265
0.073149	47.048706
0.073350	29.677680
0.073551	14.514019
0.073752	48.269647
0.073953	47.884114
0.074154	49.112349
0.074355	37.682354
0.074556	37.792846
0.074757	19.437799
0.074958	50.535818
0.075159	42.259629
0.075360	29.869143
0.075561	27.895858
0.075762	12.394781
0.075963	25.451917
0.076164	38.030263
0.076365	26.797465
0.076566	23.686044
0.076767	32.150012
0.076968	47.793994
0.077169	22.223610
0.077370	50.368094
0.077571	22.603112
0.077771	30.447882
0.077972	38.227294
0.078173	24.671872
0.078374	45.841661
0.078575	54.469858
0.078776	45.651912
0.078977	17.802777
0.079178	14.653498
0.079379	22.779070
0.079580	37.692861
0.079781	10.359369
0.079982	50.900637
0.080183	41.050504
0.080384	10.919933
0.080585	43.072542
0.080786	20.014856
0.080987	26.100135
0.081188	51.729170
0.081389	44.628470
0.081590	48.053632
0.081791	24.102278
0.081992	34.257672
0.082193	31.616571
0.082394	15.055046
0.082595	34.393164
0.082795	19.348722
0.082996	29.038385
0.083197	53.435652
0.083398	31.491131
0.083599	19.475161
0.083800	28.337105
0.084001	56.845120
0.084202	25.969659
0.084403	47.561454
0.084604	44.883968
0.084805	24.199461
0.085006	55.104212
0.085207	34.257590
0.085408	41.913401
0.085609	26.115776
0.085810	18.153579
0.086011	40.668266
0.086212	30.493742
0.086413	10.735789
0.086614	53.984946
0.086815	53.722917
0.087016	24.066432
0.087217	53.605853
0.087418	41.051801
0.087619	41.244699
0.087819	46.059431
0.088020	38.088356
0.088221	35.975450
0.088422	45.291084
0.088623	32.849918
0.088824	35.946347
0.089025	40.372087
0.089226	48.549033
0.089427	56.946923
0.089628	42.915204
0.089829	12.727947
0.090030	57.015612
0.090231	36.448972
0.090432	33.663037
0.090633	41.730682
0.090834	52.899607
0.091035	48.546731
0.091236	24.871656
0.091437	41.621138
0.091638	42.674510
0.091839	34.045122
0.092040	56.778250
0.092241	55.221206
0.092442	55.663027
0.092643	55.759381
0.092843	17.964609
0.093044	36.626524
0.093245	28.418933
0.093446	43.064758
0.093647	35.446756
0.093848	28.386942
0.094049	14.599530
0.094250	25.937978
0.094451	47.250033
0.094652	41.049110
0.094853	47.385349
0.095054	30.005916
0.095255	32.668720
0.095456	15.675168
0.095657	55.212266
0.095858	26.836670
0.096059	56.685697
0.096260	12.188164
0.096461	57.892124
0.096662	35.853188
0.096863	44.667384
0.097064	57.066327
0.097265	13.424425
0.097466	30.686045
0.097667	40.162763
0.097867	39.097051
0.098068	37.443347
0.098269	51.905430
0.098470	33.517897
0.098671	24.276496
0.098872	23.783800
0.099073	41.772168
0.099274	51.593525
0.099475	36.435693
0.099676	40.681252
0.099877	37.952502
0.100078	21.293930
0.100279	28.713673
0.100480	45.160422
0.100681	31.174426
0.100882	47.319492
0.101083	21.320913
0.101284	14.206201
0.101485	47.011529
0.101686	19.075293
0.101887	47.667089
0.102088	29.637784
0.102289	30.821564
0.102490	51.225707
0.102691	17.480885
0.102891	24.575376
0.103092	10.145860
0.103293	35.850385
0.103494	44.956970
0.103695	30.500965
0.103896	23.101503
0.104097	50.678465
0.104298	10.188333
0.104499	33.384798
0.104700	37.653810
0.104901	29.638547
0.105102	19.132692
0.105303	37.404574
0.105504	44.656791
0.105705	47.115647
0.105906	12.149591
0.106107	28.167863
0.106308	39.709830
0.106509	35.590073
0.106710	47.018137
0.106911	20.596959
0.107112	51.534546
0.107313	20.431433
0.107514	40.927840
0.107715	27.243367
0.107915	46.197248
0.108116	50.974156
0.108317	51.660799
0.108518	33.782669
0.108719	48.955122
0.108920	18.614929
0.109121	16.983716
0.109322	49.844644
0.109523	10.295856
0.109724	46.928771
0.109925	42.062990
0.110126	47.127591
0.110327	31.805935
0.110528	45.672164
0.110729	39.910945
0.110930	33.698884
0.111131	45.161745
0.111332	48.846011
0.111533	18.657750
0.111734	48.280316
0.111935	24.926785
0.112136	15.280182
0.112337	45.356007
0.112538	16.706753
0.112739	10.881839
0.112939	46.749097
0.113140	35.198599
0.113341	26.002340
0.113542	45.528016
0.113743	26.092276
0.113944	23.339659
0.114145	10.456127
0.114346	34.362918
0.114547	36.203150
0.114748	47.443837
0.114949	32.196829
0.115150	46.337196
0.115351	47.915530
0.115552	31.207743
0.115753	34.993138
0.115954	51.807989
0.116155	49.250954
0.116356	47.593803
0.116557	35.925130
0.116758	14.497571
0.116959	26.754019
0.117160	54.980677
0.117361	28.658164
0.117562	53.718082
0.117763	50.100363
0.117963	25.016348
0.118164	28.688023
0.118365	10.964789
0.118566	11.856700
0.118767	12.763369
0.118968	50.575392
0.119169	14.246606
0.119370	46.749267
0.119571	54.159780
0.119772	21.149410
0.119973	51.475326
0.120174	22.272053
0.120375	42.087149
0.120576	32.046150
0.120777	25.063852
0.120978	16.130482
0.121179	11.674060
0.121380	48.348519
0.121581	48.803921
0.121782	52.635863
0.121983	48.357856
0.122184	37.339684
0.122385	34.079860
0.122586	35.588377
0.122787	38.525652
0.122987	47.432518
0.123188	23.488644
0.123389	11.805781
0.123590	27.735562
0.123791	53.033448
0.123992	13.944203
0.124193	38.927007
0.124394	54.477448
0.124595	51.156586
0.124796	41.346441
0.124997	34.634050
0.125198	39.837666
0.125399	46.401463
0.125600	14.238419
0.125801	23.260359
0.126002	49.164756
0.126203	14.854290
0.126404	42.488368
0.126605	13.504935
0.126806	56.327041
0.127007	34.526795
0.127208	13.747073
0.127409	22.715086
0.127610	12.067081
0.127811	54.056557
0.128011	30.546055
0.128212	16.491591
0.128413	52.683448
0.128614	41.709444
0.128815	46.391607
0.129016	53.800121
0.129217	15.560646
0.129418	22.467955
0.129619	48.749631
0.129820	13.229350
0.130021	56.090157
0.130222	24.872403
0.130423	34.996128
0.130624	30.393938
0.130825	22.481342
0.131026	16.875953
0.131227	22.605959
0.131428	56.093973
0.131629	34.409674
0.131830	49.351196
0.132031	13.947268
0.132232	48.261101
0.132433	41.691650
0.132634	24.797344
0.132835	12.908455
0.133035	40.722041
0.133236	15.637788
0.133437	41.088334
0.133638	38.081219
0.133839	12.695770
0.134040	46.664251
0.134241	22.344818
0.134442	53.146890
0.134643	14.747576
0.134844	46.770972
0.135045	42.133616
0.135246	47.079331
0.135447	31.246624
0.135648	15.923473
0.135849	37.734286
0.136050	15.352351
0.136251	24.942635
0.136452	30.505058
0.136653	54.210194
0.136854	37.339118
0.137055	48.750154
0.137256	44.467160
0.137457	42.235707
0.137658	47.189468
0.137859	35.547360
0.138059	18.278236
0.138260	11.180620
0.138461	34.043633
0.138662	44.354435
0.138863	18.144740
0.139064	14.412448
0.139265	56.154114
0.139466	25.818955
0.139667	35.608298
0.139868	27.808309
0.140069	43.146983
0.140270	17.384654
0.140471	34.054396
0.140672	46.575531
0.140873	52.543075
0.141074	30.157044
0.141275	32.266094
0.141476	17.348164
0.141677	40.913289
0.141878	43.837757
0.142079	15.802139
0.142280	37.429766
0.142481	10.661093
0.142682	39.796320
0.142883	13.240792
0.143083	54.180978
0.143284	48.429532
0.143485	41.932173
0.143686	20.108034
0.143887	16.059152
0.144088	40.455284
0.144289	21.122957
0.144490	44.345237
0.144691	19.494940
0.144892	26.366851
0.145093	57.542575
0.145294	32.039901
0.145495	20.759408
0.145696	32.059034
0.145897	13.015952
0.146098	49.699036
0.146299	34.901522
0.146500	14.804681
0.146701	34.223660
0.146902	24.999441
0.147103	37.874416
0.147304	37.779891
0.147505	19.463756
0.147706	14.876350
0.147907	22.238538
0.148107	18.141179
0.148308	45.946104
0.148509	13.683117
0.148710	36.150056
0.148911	53.467299
0.149112	37.876778
0.149313	45.692449
0.149514	23.474596
0.149715	40.434103
0.149916	37.820395
0.150117	25.353171
0.150318	57.780779
0.150519	54.519939
0.150720	48.086097
0.150921	16.137246
0.151122	24.906220
0.151323	55.831220
0.151524	13.643433
0.151725	47.048917
0.151926	25.897570
0.152127	11.655887
0.152328	38.894851
0.152529	30.386823
0.152730	34.219983
0.152931	25.717535
0.153131	44.456306
0.153332	33.369617
0.153533	16.262054
0.153734	38.097255
0.153935	45.937412
0.154136	47.551880
0.154337	37.622385
0.154538	50.212034
0.154739	23.275811
0.154940	29.442927
0.155141	20.400283
0.155342	45.818198
0.155543	21.103087
0.155744	31.625922
0.155945	43.125151
0.156146	24.332138
0.156347	29.600840
0.156548	43.333159
0.156749	45.747046
0.156950	10.640328
0.157151	43.502701
0.157352	29.602637
0.157553	15.156970
0.157754	46.764514
0.157955	56.606820
0.158155	46.920213
0.158356	29.828733
0.158557	24.410425
0.158758	45.907531
0.158959	41.578361
0.159160	30.018286
0.159361	16.119194
0.159562	37.269018
0.159763	26.291638
0.159964	33.185889
0.160165	45.056958
0.160366	12.464387
0.160567	53.969558
0.160768	35.112541
0.160969	19.827589
0.161170	53.544766
0.161371	26.258942
0.161572	39.108310
0.161773	22.504028
0.161974	36.220227
0.162175	20.989172
0.162376	13.133009
0.162577	11.974086
0.162778	19.071597
0.162979	15.080031
0.163179	13.048045
0.163380	26.315380
0.163581	29.299147
0.163782	35.581902
0.163983	25.986474
0.164184	16.004007
0.164385	14.879564
0.164586	47.762276
0.164787	26.797044
0.164988	54.990134
0.165189	36.431262
0.165390	39.307461
0.165591	26.891936
0.165792	36.418710
0.165993	35.110262
0.166194	50.921812
0.166395	14.478885
0.166596	37.578259
0.166797	46.460442
0.166998	30.898485
0.167199	24.964259
0.167400	10.105535
0.167601	12.822043
0.167802	48.395035
0.168003	11.605517
0.168203	52.916268
0.168404	21.113989
0.168605	24.823800
0.168806	22.923415
0.169007	52.149812
0.169208	19.950267
0.169409	50.011055
0.169610	11.597158
0.169811	55.686709
0.170012	23.152058
0.170213	43.715330
0.170414	36.978672
0.170615	39.794247
0.170816	50.190423
0.171017	15.935588
0.171218	30.480499
0.171419	41.283466
0.171620	49.922250
0.171821	12.602336
0.172022	23.322755
0.172223	32.010066
0.172424	42.564626
0.172625	15.802603
0.172826	25.319729
0.173027	33.391442
0.173227	34.329883
0.173428	41.513641
0.173629	36.855414
0.173830	41.304971
0.174031	19.109213
0.174232	55.292646
0.174433	32.676897
0.174634	13.477092
0.174835	26.293306
0.175036	11.998150
0.175237	48.705095
0.175438	28.501281
0.175639	10.647294
0.175840	56.746662
0.176041	57.148682
0.176242	28.173635
0.176443	11.035741
0.176644	11.910912
0.176845	32.386712
0.177046	23.365031
0.177247	43.118824
0.177448	53.561763
0.177649	41.897417
0.177850	16.072341
0.178051	41.658927
0.178251	50.497582
0.178452	52.316597
0.178653	43.742538
0.178854	54.937162
0.179055	53.705912
0.179256	45.635948
0.179457	49.204307
0.179658	34.182255
0.179859	22.154684
0.180060	40.862450
0.180261	16.801291
0.180462	25.365762
0.180663	15.120058
0.180864	14.022446
0.181065	26.036945
0.181266	17.558928
0.181467	52.365617
0.181668	31.583899
0.181869	13.786077
0.182070	49.177401
0.182271	51.960675
0.182472	46.452486
0.182673	39.335869
0.182874	55.888938
0.183075	51.441919
0.183275	26.030624
0.183476	26.684994
0.183677	28.024426
0.183878	26.274061
0.184079	49.586509
0.184280	20.286342
0.184481	17.909963
0.184682	54.887811
0.184883	29.859601
0.185084	49.012614
0.185285	38.867256
0.185486	22.432764
0.185687	31.350093
0.185888	11.302116
0.186089	31.287582
0.186290	50.254715
0.186491	38.733026
0.186692	19.232856
0.186893	20.782664
0.187094	56.763730
0.187295	35.713211
0.187496	26.138090
0.187697	30.318781
0.187898	11.934140
0.188099	42.800507
0.188299	28.151738
0.188500	29.484270
0.188701	16.379229
0.188902	19.274162
0.189103	11.133196
0.189304	17.445600
0.189505	51.100717
0.189706	48.255460
0.189907	28.725676
0.190108	13.672345
0.190309	16.043294
0.190510	42.813891
0.190711	25.165598
0.190912	29.840698
0.191113	16.202650
0.191314	53.686217
0.191515	36.205244
0.191716	23.585293
0.191917	20.125376
0.192118	51.271022
0.192319	19.816369
0.192520	11.771968
0.192721	45.267825
0.192922	25.418796
0.193123	17.776490
0.193323	56.828088
0.193524	45.001899
0.193725	28.052169
0.193926	34.880823
0.194127	43.053493
0.194328	45.493268
0.194529	24.062496
0.194730	41.188303
0.194931	42.312615
0.195132	55.719513
0.195333	41.697604
0.195534	41.215397
0.195735	52.130513
0.195936	43.761069
0.196137	27.956616
0.196338	11.207201
0.196539	55.415205
0.196740	35.499565
0.196941	50.412150
0.197142	13.964318
0.197343	54.309447
0.197544	13.628066
0.197745	12.683452
0.197946	42.335871
0.198147	29.691054
0.198347	52.418278
0.198548	21.425076
0.198749	35.562297
0.198950	29.480636
0.199151	56.701085
0.199352	30.876164
0.199553	41.288326
0.199754	30.212470
0.199955	34.342104
0.200156	30.759744
0.200357	40.858506
0.200558	19.338962
0.200759	20.642507
0.200960	48.234968
0.201161	48.314717
0.201362	49.022212
0.201563	16.913403
0.201764	19.194385
0.201965	40.534348
0.202166	16.436661
0.202367	21.612368
0.202568	48.380817
0.202769	56.137019
0.202970	53.302387
0.203171	32.454802
0.203371	52.754067
0.203572	16.462111
0.203773	25.940169
0.203974	54.076261
0.204175	47.680948
0.204376	37.034184
0.204577	52.368522
0.204778	10.236784
0.204979	53.625226
0.205180	18.928698
0.205381	42.070921
0.205582	25.292317
0.205783	12.337638
0.205984	38.138667
0.206185	44.134197
0.206386	30.053088
0.206587	27.365263
0.206788	26.367816
0.206989	12.220410
0.207190	15.333405
0.207391	20.398013
0.207592	35.252067
0.207793	46.136889
0.207994	27.518684
0.208195	30.373672
0.208395	13.240360
0.208596	43.770996
0.208797	28.051919
0.208998	33.552134
0.209199	54.750439
0.209400	27.021359
0.209601	27.194233
0.209802	35.647191
0.210003	51.502197
0.210204	17.483010
0.210405	50.040526
0.210606	37.836681
0.210807	45.276223
0.211008	10.828237
0.211209	52.133880
0.211410	45.202623
0.211611	38.895261
0.211812	29.000665
0.212013	53.521094
0.212214	46.022771
0.212415	43.488131
0.212616	42.776674
0.212817	33.409988
0.213018	49.240117
0.213219	16.983875
0.213419	26.684793
0.213620	39.114844
0.213821	15.563700
0.214022	19.979927
0.214223	25.487127
0.214424	39.162293
0.214625	39.227848
0.214826	34.799443
0.215027	47.060864
0.215228	29.293528
0.215429	52.568290
0.215630	13.526139
0.215831	51.730727
0.216032	50.117416
0.216233	55.295945
0.216434	53.022481
0.216635	55.646841
0.216836	51.625667
0.217037	22.403225
0.217238	32.491229
0.217439	45.122725
0.217640	34.527659
0.217841	32.888317
0.218042	24.675343
0.218243	12.100430
0.218443	10.900642
0.218644	32.688952
0.218845	50.227339
0.219046	12.666302
0.219247	19.581874
0.219448	47.964305
0.219649	19.791745
0.219850	33.250216
0.220051	26.154550
0.220252	20.398840
0.220453	41.563059
0.220654	33.687902
0.220855	26.447597
0.221056	54.120040
0.221257	30.404216
0.221458	34.722542
0.221659	15.638784
0.221860	13.666166
0.222061	38.174730
0.222262	23.110547
0.222463	16.709226
0.222664	25.638916
0.222865	11.104653
0.223066	40.121640
0.223267	34.646644
0.223467	34.899382
0.223668	19.472802
0.223869	38.014336
0.224070	14.754140
0.224271	34.211761
0.224472	53.911679
0.224673	33.350597
0.224874	25.067549
0.225075	17.354234
0.225276	46.457331
0.225477	52.784999
0.225678	26.708452
0.225879	22.272594
0.226080	13.667739
0.226281	49.419310
0.226482	49.581984
0.226683	12.740000
0.226884	21.244717
0.227085	36.374791
0.227286	28.720624
0.227487	43.317686
0.227688	44.729934
0.227889	48.450853
0.228090	13.811794
0.228291	49.822217
0.228491	42.207396
0.228692	35.352400
0.228893	50.689953
0.229094	46.048334
0.229295	28.079924
0.229496	15.533072
0.229697	10.905883
0.229898	50.233272
0.230099	11.364917
0.230300	13.925059
0.230501	25.607421
0.230702	46.580258
0.230903	19.757799
0.231104	42.798709
0.231305	27.083726
0.231506	47.103314
0.231707	18.445753
0.231908	19.040424
0.232109	27.686552
0.232310	20.184601
0.232511	47.322136
0.232712	12.371071
0.232913	12.654508
0.233114	23.598757
0.233315	39.109425
0.233515	30.416018
0.233716	14.897357
0.233917	23.687010
0.234118	11.996074
0.234319	34.346623
0.234520	47.112127
0.234721	51.099267
0.234922	15.556106
0.235123	29.985744
0.235324	47.438395
0.235525	39.705602
0.235726	25.554386
0.235927	47.592216
0.236128	19.096072
0.236329	28.147201
0.236530	10.675287
0.236731	51.272642
0.236932	42.313943
0.237133	52.278083
0.237334	27.727088
0.237535	35.819263
0.237736	30.206249
0.237937	49.265816
0.238138	34.293412
0.238339	15.788313
0.238539	25.092630
0.238740	19.454167
0.238941	41.673140
0.239142	43.785315
0.239343	42.813817
0.239544	20.161929
0.239745	37.683552
0.239946	24.537208
0.240147	29.946719
0.240348	43.625086
0.240549	41.254772
0.240750	16.812057
0.240951	51.338525
0.241152	13.980887
0.241353	31.526582
0.241554	34.225166
0.241755	53.575187
0.241956	34.699793
0.242157	47.275184
0.242358	22.765493
0.242559	43.087019
0.242760	28.821243
0.242961	50.391479
0.243162	56.343168
0.243363	24.644575
0.243563	33.747792
0.243764	18.298183
0.243965	31.277864
0.244166	46.630473
0.244367	43.111364
0.244568	44.281181
0.244769	12.125563
0.244970	25.179594
0.245171	41.363771
0.245372	52.176180
0.245573	47.771502
0.245774	29.012971
0.245975	23.331274
0.246176	23.356005
0.246377	29.429833
0.246578	52.916370
0.246779	44.646607
0.246980	45.563713
0.247181	53.343626
0.247382	24.056128
0.247583	22.941348
0.247784	31.531746
0.247985	34.336247
0.248186	22.563744
0.248387	50.312883
0.248587	17.566741
0.248788	19.258150
0.248989	14.915962
0.249190	33.982484
0.249391	18.993668
0.249592	27.308156
0.249793	42.140249
0.249994	19.443327
0.250195	11.212236
0.250396	49.495716
0.250597	19.958748
0.250798	37.432108
0.250999	21.437551
0.251200	52.048991
0.251401	57.776963
0.251602	54.138662
0.251803	50.947965
0.252004	39.531458
0.252205	48.696545
0.252406	52.548564
0.252607	38.456453
0.252808	51.223208
0.253009	46.610380
0.253210	10.639666
0.253411	49.264471
0.253611	12.092957
0.253812	19.699598
0.254013	18.744678
0.254214	24.006281
0.254415	46.396357
0.254616	46.996081
0.254817	49.195215
0.255018	34.383237
0.255219	53.387914
0.255420	18.519722
0.255621	34.873901
0.255822	23.255181
0.256023	39.801062
0.256224	57.825635
0.256425	17.286500
0.256626	16.972782
0.256827	17.541854
0.257028	32.906285
0.257229	20.028571
0.257430	10.690538
0.257631	53.220775
0.257832	16.237137
0.258033	51.648429
0.258234	39.095004
0.258435	15.560572
0.258635	31.277624
0.258836	46.333360
0.259037	45.805867
0.259238	21.803173
0.259439	13.669300
0.259640	19.921841
0.259841	36.467062
0.260042	43.537063
0.260243	14.685537
0.260444	39.907192
0.260645	49.352243
0.260846	23.094351
0.261047	25.657455
0.261248	15.690564
0.261449	43.659639
0.261650	11.584048
0.261851	38.318465
0.262052	24.423362
0.262253	47.285724
0.262454	53.034461
0.262655	44.787945
0.262856	49.610427
0.263057	21.105236
0.263258	36.229990
0.263459	14.808708
0.263659	28.525887
0.263860	51.426535
0.264061	48.999284
0.264262	42.088408
0.264463	19.237443
0.264664	30.369412
0.264865	41.598337
0.265066	50.987721
0.265267	40.488921
0.265468	20.326361
0.265669	13.806787
0.265870	57.489520
0.266071	40.825292
0.266272	43.295607
0.266473	50.786341
0.266674	49.102060
0.266875	48.230289
0.267076	26.808386
0.267277	48.284363
0.267478	24.803874
0.267679	18.330664
0.267880	36.881980
0.268081	47.597889
0.268282	42.075305
0.268483	18.804444
0.268683	36.864999
0.268884	39.868250
0.269085	33.555768
0.269286	32.866519
0.269487	35.100717
0.269688	11.961125
0.269889	40.334915
0.270090	56.119464
0.270291	30.088345
0.270492	24.912732
0.270693	28.465525
0.270894	28.237721
0.271095	17.997932
0.271296	50.263843
0.271497	36.441105
0.271698	16.597944
0.271899	15.835699
0.272100	24.408857
0.272301	19.586856
0.272502	14.524024
0.272703	56.435625
0.272904	11.742831
0.273105	56.293541
0.273306	13.098349
0.273507	49.431867
0.273707	26.120443
0.273908	43.936994
0.274109	52.712476
0.274310	57.094959
0.274511	24.788458
0.274712	26.795524
0.274913	57.253703
0.275114	56.607763
0.275315	54.577906
0.275516	45.380762
0.275717	13.664137
0.275918	33.370128
0.276119	20.461847
0.276320	40.545045
0.276521	15.035173
0.276722	25.560104
0.276923	46.947545
0.277124	16.322628
0.277325	45.460714
0.277526	27.192194
0.277727	16.800337
0.277928	11.320046
0.278129	23.844897
0.278330	56.204246
0.278531	49.185158
0.278731	24.405982
0.278932	40.060904
0.279133	37.454876
0.279334	55.634939
0.279535	56.402612
0.279736	47.975907
0.279937	26.982668
0.280138	57.519674
0.280339	15.770330
0.280540	24.998624
0.280741	42.977118
0.280942	31.493159
0.281143	18.227486
0.281344	37.121248
0.281545	53.601702
0.281746	25.947635
0.281947	11.493948
0.282148	20.767052
0.282349	56.766813
0.282550	34.766789
0.282751	13.078963
0.282952	15.728421
0.283153	51.851285
0.283354	32.155363
0.283555	14.515740
0.283755	37.991156
0.283956	15.940288
0.284157	44.981215
0.284358	19.869154
0.284559	18.422386
0.284760	45.893794
0.284961	41.370843
0.285162	15.870238
0.285363	22.685686
0.285564	43.975545
0.285765	51.962749
0.285966	51.254189
0.286167	55.862634
0.286368	52.390572
0.286569	17.970168
0.286770	43.413644
0.286971	35.349430
0.287172	21.166473
0.287373	20.647055
0.287574	45.926479
0.287775	48.677873
0.287976	50.622511
0.288177	30.611509
0.288378	17.268327
0.288579	45.401755
0.288779	33.942220
0.288980	55.035518
0.289181	44.343834
0.289382	33.695666
0.289583	47.347361
0.289784	39.971441
0.289985	32.674335
0.290186	34.441920
0.290387	29.484207
0.290588	22.464792
0.290789	19.925801
0.290990	56.868142
0.291191	42.897009
0.291392	27.848321
0.291593	32.333590
0.291794	13.324329
0.291995	16.928256
0.292196	55.309870
0.292397	27.494654
0.292598	38.657651
0.292799	49.315861
0.293000	14.085083
0.293201	30.923218
0.293402	42.764801
0.293603	48.581204
0.293803	23.790816
0.294004	13.978417
0.294205	45.303234
0.294406	12.971284
0.294607	44.300430
0.294808	56.144006
0.295009	48.264446
0.295210	31.958615
0.295411	44.592504
0.295612	11.661338
0.295813	24.276333
0.296014	54.602334
0.296215	54.032360
0.296416	41.378126
0.296617	30.686082
0.296818	15.069041
0.297019	54.381244
0.297220	16.497766
0.297421	39.973354
0.297622	24.583139
0.297823	17.632386
0.298024	19.010375
0.298225	53.771131
0.298426	14.011353
0.298627	28.546541
0.298827	12.946315
0.299028	14.873405
0.299229	30.203252
0.299430	53.641058
0.299631	36.488090
0.299832	42.300794
0.300033	32.120895
0.300234	43.746770
0.300435	12.553851
0.300636	10.422935
0.300837	19.556100
0.301038	46.650117
0.301239	27.977593
0.301440	29.211806
0.301641	49.807353
0.301842	22.129480
0.302043	17.026617
0.302244	32.948537
0.302445	41.078218
0.302646	36.362009
0.302847	50.794379
0.303048	31.285375
0.303249	25.914828
0.303450	26.643544
0.303651	47.902895
0.303851	10.386292
0.304052	14.301044
0.304253	47.016039
0.304454	27.418426
0.304655	32.373028
0.304856	51.562335
0.305057	57.589028
0.305258	29.079122
0.305459	30.467824
0.305660	37.445403
0.305861	31.058300
0.306062	50.146159
0.306263	32.503831
0.306464	53.214074
0.306665	28.108022
0.306866	50.208670
0.307067	47.317933
0.307268	29.545240
0.307469	39.929799
0.307670	25.656303
0.307871	51.966142
0.308072	12.096024
0.308273	17.977264
0.308474	50.113553
0.308675	42.250914
0.308875	30.403850
0.309076	40.673107
0.309277	38.560598
0.309478	29.794983
0.309679	56.167601
0.309880	38.221019
0.310081	33.648948
0.310282	37.869230
0.310483	23.843161
0.310684	22.350653
0.310885	37.300652
0.311086	28.400277
0.311287	55.177976
0.311488	50.286340
0.311689	31.898506
0.311890	48.065967
0.312091	54.284641
0.312292	35.001909
0.312493	13.818744
0.312694	55.328363
0.312895	52.759995
0.313096	52.501198
0.313297	22.991934
0.313498	51.107154
0.313699	15.170482
0.313899	47.901148
0.314100	57.627145
0.314301	53.250007
0.314502	57.166558
0.314703	48.735271
0.314904	12.571744
0.315105	15.283485
0.315306	38.207341
0.315507	48.433384
0.315708	57.292506
0.315909	18.255346
0.316110	50.476768
0.316311	41.681977
0.316512	37.850839
0.316713	16.510440
0.316914	12.028822
0.317115	48.392354
0.317316	32.381720
0.317517	25.007927
0.317718	52.645564
0.317919	34.102794
0.318120	33.108871
0.318321	21.523921
0.318522	19.436349
0.318723	35.647471
0.318923	38.090220
0.319124	31.117669
0.319325	49.417738
0.319526	15.911555
0.319727	14.514409
0.319928	25.897183
0.320129	41.565004
0.320330	23.031310
0.320531	44.106577
0.320732	47.426670
0.320933	47.531983
0.321134	33.798985
0.321335	52.275781
0.321536	28.572583
0.321737	41.260239
0.321938	30.456828
0.322139	55.794272
0.322340	47.669556
0.322541	28.258384
0.322742	38.030730
0.322943	50.643931
0.323144	27.129399
0.323345	55.051964
0.323546	10.252357
0.323747	16.756458
0.323947	52.825493
0.324148	19.663355
0.324349	38.468027
0.324550	37.875773
0.324751	36.871884
0.324952	45.259689
0.325153	18.214106
0.325354	38.352614
0.325555	46.769151
0.325756	39.058356
0.325957	26.745244
0.326158	33.655801
0.326359	20.073656
0.326560	54.738765
0.326761	22.561103
0.326962	55.614480
0.327163	45.796020
0.327364	24.222179
0.327565	55.344053
0.327766	28.079349
0.327967	42.200551
0.328168	20.510514
0.328369	35.991853
0.328570	21.027259
0.328770	36.299056
0.328971	21.948424
0.329172	31.702002
0.329373	12.873030
0.329574	19.230967
0.329775	39.953716
0.329976	31.017705
0.330177	22.006636
0.330378	52.189595
0.330579	31.730098
0.330780	38.293862
0.330981	22.418114
0.331182	27.727271
0.331383	24.214885
0.331584	11.127933
0.331785	56.216966
0.331986	27.508464
0.332187	11.067859
0.332388	34.452548
0.332589	27.912387
0.332790	57.399639
0.332991	34.049165
0.333192	43.704063
0.333393	21.488395
0.333594	19.865579
0.333794	29.060287
0.333995	56.625538
0.334196	18.892745
0.334397	14.854494
0.334598	11.769069
0.334799	55.055090
0.335000	48.220066
0.335201	55.914733
0.335402	32.160136
0.335603	20.092754
0.335804	35.199545
0.336005	28.356399
0.336206	32.345037
0.336407	34.482721
0.336608	45.668753
0.336809	13.004616
0.337010	52.676381
0.337211	14.184073
0.337412	34.638586
0.337613	51.425706
0.337814	13.623168
0.338015	21.930593
0.338216	12.021582
0.338417	16.085639
0.338618	21.280008
0.338818	44.710896
0.339019	39.197259
0.339220	10.282192
0.339421	30.207698
0.339622	37.242623
0.339823	12.806192
0.340024	39.054392
0.340225	25.972715
0.340426	12.078224
0.340627	15.844451
0.340828	40.812592
0.341029	32.221647
0.341230	30.672729
0.341431	27.205855
0.341632	12.379039
0.341833	10.370699
0.342034	18.248346
0.342235	20.022514
0.342436	30.366587
0.342637	24.712219
0.342838	33.351251
0.343039	57.535413
0.343240	14.997395
0.343441	15.215044
0.343642	36.524351
0.343842	46.437220
0.344043	16.168878
0.344244	32.791864
0.344445	20.646215
0.344646	11.489540
0.344847	48.533422
0.345048	35.925896
0.345249	10.683445
0.345450	22.528743
0.345651	13.207728
0.345852	19.549273
0.346053	35.026604
0.346254	47.449566
0.346455	33.653109
0.346656	13.961444
0.346857	44.582353
0.347058	26.474729
0.347259	37.461887
0.347460	43.589254
0.347661	21.817063
0.347862	39.643943
0.348063	49.337722
0.348264	54.175212
0.348465	31.276639
0.348666	32.433239
0.348866	56.436244
0.349067	50.833275
0.349268	54.092499
0.349469	54.991223
0.349670	23.744042
0.349871	11.682400
0.350072	38.204130
0.350273	52.115436
0.350474	37.992790
0.350675	28.872715
0.350876	11.564895
0.351077	10.148942
0.351278	14.586469
0.351479	19.657197
0.351680	48.335195
0.351881	44.802032
0.352082	16.245967
0.352283	43.117868
0.352484	26.878044
0.352685	13.342444
0.352886	33.470910
0.353087	35.576809
0.353288	29.376862
0.353489	52.638628
0.353690	39.905938
0.353890	28.142559
0.354091	24.176512
0.354292	46.525120
0.354493	21.772856
0.354694	48.587516
0.354895	20.670397
0.355096	52.969353
0.355297	33.985739
0.355498	22.359904
0.355699	54.598495
0.355900	20.417705
0.356101	40.907602
0.356302	57.058258
0.356503	51.809702
0.356704	44.155375
0.356905	47.752434
0.357106	44.302248
0.357307	36.399233
0.357508	14.721990
0.357709	44.487574
0.357910	35.835985
0.358111	27.581335
0.358312	22.491747
0.358513	40.897297
0.358714	43.282235
0.358914	20.922782
0.359115	42.767602
0.359316	29.813902
0.359517	32.519757
0.359718	54.492480
0.359919	30.804824
0.360120	39.158728
0.360321	43.778999
0.360522	24.693115
0.360723	56.501010
0.360924	44.694212
0.361125	45.590528
0.361326	37.720478
0.361527	51.792406
0.361728	33.463723
0.361929	14.153109
0.362130	32.088313
0.362331	38.254124
0.362532	45.694035
0.362733	47.538088
0.362934	18.136178
0.363135	36.000476
0.363336	27.488991
0.363537	14.675197
0.363738	53.134436
0.363938	20.515272
0.364139	28.912379
0.364340	14.554039
0.364541	32.633165
0.364742	31.694275
0.364943	45.887226
0.365144	57.494508
0.365345	17.774914
0.365546	18.920101
0.365747	19.565370
0.365948	28.569746
0.366149	50.487520
0.366350	45.344065
0.366551	33.235416
0.366752	22.425753
0.366953	41.367678
0.367154	30.056562
0.367355	42.110273
0.367556	12.035059
0.367757	49.218308
0.367958	22.511010
0.368159	22.625170
0.368360	54.986283
0.368561	39.092636
0.368762	26.968064
0.368962	21.257599
0.369163	29.282305
0.369364	57.610601
0.369565	51.144714
0.369766	31.944710
0.369967	56.157963
0.370168	10.120893
0.370369	50.051625
0.370570	33.602014
0.370771	21.236432
0.370972	24.773895
0.371173	31.922720
0.371374	20.121996
0.371575	29.641682
0.371776	19.085262
0.371977	46.096537
0.372178	13.680903
0.372379	28.179296
0.372580	52.366065
0.372781	10.215498
0.372982	20.565854
0.373183	45.362637
0.373384	10.171171
0.373585	15.193208
0.373786	55.972812
0.373986	29.781738
0.374187	42.983667
0.374388	28.256366
0.374589	34.407564
0.374790	11.329433
0.374991	13.718308
0.375192	12.579277
0.375393	57.123018
0.375594	20.096064
0.375795	48.411652
0.375996	56.408653
0.376197	45.636986
0.376398	17.505075
0.376599	27.688631
0.376800	16.292454
0.377001	37.081353
0.377202	26.075237
0.377403	46.930610
0.377604	16.272143
0.377805	32.221898
0.378006	20.138400
0.378207	47.520753
0.378408	14.215800
0.378609	23.975441
0.378810	39.123851
0.379010	36.252563
0.379211	16.240738
0.379412	18.061886
0.379613	11.084204
0.379814	53.307741
0.380015	21.481950
0.380216	14.626036
0.380417	31.582501
0.380618	24.193194
0.380819	49.902618
0.381020	35.753200
0.381221	39.348837
0.381422	30.987398
0.381623	56.376998
0.381824	25.257856
0.382025	21.253347
0.382226	25.189857
0.382427	42.000168
0.382628	52.819643
0.382829	32.316971
0.383030	13.071411
0.383231	49.592926
0.383432	43.277984
0.383633	34.379603
0.383834	28.691251
0.384034	11.305807
0.384235	51.775512
0.384436	26.950172
0.384637	20.544695
0.384838	31.268143
0.385039	17.726999
0.385240	25.804602
0.385441	28.470495
0.385642	55.441295
0.385843	14.092829
0.386044	11.718265
0.386245	41.773862
0.386446	44.358627
0.386647	54.590796
0.386848	38.213371
0.387049	51.612948
0.387250	20.327695
0.387451	37.694806
0.387652	39.067327
0.387853	27.890035
0.388054	11.354491
0.388255	33.451964
0.388456	25.611565
0.388657	34.659857
0.388858	33.421927
0.389058	48.476621
0.389259	44.315641
0.389460	39.518075
0.389661	51.380441
0.389862	17.263326
0.390063	12.630907
0.390264	44.506148
0.390465	38.369322
0.390666	26.367460
0.390867	13.638514
0.391068	19.804660
0.391269	23.198376
0.391470	12.465714
0.391671	40.830394
0.391872	11.932266
0.392073	10.537506
0.392274	15.063038
0.392475	49.792326
0.392676	52.434635
0.392877	36.291970
0.393078	51.401498
0.393279	50.908619
0.393480	15.461689
0.393681	22.148474
0.393882	14.951692
0.394082	18.044466
0.394283	19.134604
0.394484	38.444051
0.394685	42.829241
0.394886	17.510980
0.395087	20.124046
0.395288	12.780625
0.395489	53.144106
0.395690	14.807571
0.395891	55.704632
0.396092	28.821852
0.396293	40.033361
0.396494	24.066884
0.396695	45.697596
0.396896	57.506460
0.397097	34.570783
0.397298	20.174284
0.397499	17.972759
0.397700	19.478275
0.397901	49.480870
0.398102	31.254633
0.398303	21.616737
0.398504	33.032744
0.398705	29.329833
0.398906	28.061794
0.399106	38.902576
0.399307	38.521104
0.399508	47.350819
0.399709	51.732357
0.399910	45.224551
0.400111	42.068719
0.400312	20.959487
0.400513	23.248171
0.400714	20.461718
0.400915	43.978837
0.401116	51.942959
0.401317	53.606732
0.401518	55.055027
0.401719	13.664206
0.401920	28.443988
0.402121	29.590599
0.402322	21.257204
0.402523	43.045282
0.402724	30.537817
0.402925	36.827617
0.403126	27.313553
0.403327	25.678630
0.403528	11.049229
0.403729	32.467381
0.403930	29.715136
0.404130	54.163089
0.404331	51.256601
0.404532	55.885228
0.404733	18.973519
0.404934	50.977306
0.405135	38.164852
0.405336	32.511021
0.405537	43.253404
0.405738	40.368636
0.405939	23.930973
0.406140	26.949947
0.406341	56.653914
0.406542	15.585999
0.406743	55.998916
0.406944	41.940460
0.407145	57.742535
0.407346	56.448568
0.407547	36.927198
0.407748	23.651978
0.407949	12.442883
0.408150	16.978499
0.408351	38.224953
0.408552	47.386022
0.408753	49.442300
0.408954	56.813589
0.409154	55.084880
0.409355	29.280133
0.409556	15.171033
0.409757	12.850688
0.409958	42.964840
0.410159	20.126213
0.410360	44.045953
0.410561	54.223224
0.410762	24.330343
0.410963	40.066363
0.411164	23.193807
0.411365	39.809806
0.411566	32.437160
0.411767	15.420014
0.411968	33.926780
0.412169	35.366277
0.412370	37.589344
0.412571	36.429540
0.412772	42.338618
0.412973	21.878196
0.413174	33.346069
0.413375	42.302595
0.413576	10.708851
0.413777	10.984903
0.413978	21.175048
0.414178	22.826643
0.414379	55.773484
0.414580	40.792467
0.414781	26.656057
0.414982	24.355900
0.415183	18.936322
0.415384	47.703785
0.415585	56.750286
0.415786	46.085169
0.415987	51.194743
0.416188	28.285053
0.416389	43.133656
0.416590	41.832852
0.416791	13.560455
0.416992	49.884594
0.417193	31.394813
0.417394	33.848623
0.417595	57.039961
0.417796	10.777226
0.417997	31.563515
0.418198	29.628547
0.418399	41.876352
0.418600	24.038331
0.418801	37.451614
0.419002	28.494722
0.419202	32.109507
0.419403	16.025894
0.419604	37.717936
0.419805	15.156902
0.420006	18.674635
0.420207	23.972170
0.420408	14.471924
0.420609	21.553262
0.420810	14.158378
0.421011	36.521783
0.421212	32.294939
0.421413	38.118732
0.421614	45.918077
0.421815	41.815381
0.422016	52.018740
0.422217	48.628135
0.422418	32.073844
0.422619	36.072361
0.422820	12.045620
0.423021	33.260167
0.423222	32.395537
0.423423	54.163079
0.423624	48.222478
0.423825	11.140492
0.424026	24.895758
0.424226	23.209415
0.424427	30.949581
0.424628	15.709277
0.424829	17.854545
0.425030	32.949297
0.425231	14.787913
0.425432	42.535954
0.425633	57.721591
0.425834	40.967878
0.426035	30.294402
0.426236	41.646468
0.426437	11.938530
0.426638	31.463452
0.426839	35.816934
0.427040	39.207566
0.427241	13.770206
0.427442	16.573839
0.427643	50.304103
0.427844	57.290323
0.428045	42.077453
0.428246	15.582787
0.428447	43.355283
0.428648	53.731563
0.428849	49.677692
0.429050	34.023490
0.429250	29.549485
0.429451	38.913717
0.429652	42.148896
0.429853	35.214513
0.430054	33.982930
0.430255	34.676876
0.430456	50.993803
0.430657	43.809359
0.430858	56.862464
0.431059	42.040689
0.431260	13.014817
0.431461	51.081212
0.431662	54.676159
0.431863	56.863089
0.432064	16.810338
0.432265	42.314613
0.432466	24.149496
0.432667	18.713422
0.432868	42.032167
0.433069	51.252183
0.433270	21.343218
0.433471	53.074419
0.433672	30.510969
0.433873	18.837118
0.434074	52.053989
0.434274	14.173572
0.434475	46.726548
0.434676	55.470201
0.434877	40.314162
0.435078	14.544138
0.435279	24.870728
0.435480	42.067879
0.435681	17.512109
0.435882	37.127824
0.436083	29.625982
0.436284	22.862631
0.436485	51.792937
0.436686	52.892077
0.436887	18.080092
0.437088	19.925268
0.437289	21.932156
0.437490	22.745215
0.437691	47.155764
0.437892	52.115492
0.438093	25.611974
0.438294	14.954031
0.438495	43.136192
0.438696	34.190260
0.438897	42.655620
0.439098	34.067258
0.439298	34.379124
0.439499	29.682643
0.439700	47.783358
0.439901	27.534013
0.440102	22.432401
0.440303	21.967455
0.440504	43.664677
0.440705	35.395128
0.440906	50.551419
0.441107	52.761254
0.441308	48.855695
0.441509	37.543410
0.441710	26.670106
0.441911	23.290720
0.442112	40.273926
0.442313	32.822333
0.442514	11.995937
0.442715	52.057395
0.442916	55.852170
0.443117	41.222827
0.443318	21.622659
0.443519	35.174001
0.443720	16.737883
0.443921	47.985957
0.444122	22.554241
0.444322	38.397728
0.444523	45.188174
0.444724	20.449408
0.444925	28.396084
0.445126	24.185467
0.445327	19.497370
0.445528	56.026397
0.445729	47.677467
0.445930	16.086648
0.446131	36.369966
0.446332	22.300149
0.446533	27.904067
0.446734	25.996033
0.446935	31.958917
0.447136	20.804451
0.447337	36.344213
0.447538	55.878235
0.447739	26.455402
0.447940	21.374651
0.448141	45.551450
0.448342	50.307363
0.448543	11.364161
0.448744	40.593999
0.448945	21.592777
0.449146	55.037511
0.449346	28.685874
0.449547	53.911686
0.449748	14.553990
0.449949	28.670708
0.450150	21.559540
0.450351	36.607477
0.450552	30.766179
0.450753	25.109058
0.450954	12.939306
0.451155	31.425007
0.451356	52.125113
0.451557	16.505575
0.451758	54.364812
0.451959	16.500708
0.452160	24.289634
0.452361	50.166806
0.452562	21.239714
0.452763	17.684274
0.452964	20.709603
0.453165	35.096037
0.453092	28.191264
0.453098	33.655094
0.453103	11.838417
0.453108	13.436266
0.453112	46.130640
0.453115	13.856534
0.453117	28.605581
0.453120	52.748027
0.453121	52.270104
0.453123	41.102273
0.453124	36.155614
0.453125	25.469129
0.453126	22.182054
0.453127	19.562085
0.453127	42.799497
0.453128	54.191762
0.453129	15.340342
0.453129	12.275651
0.453130	26.309540
0.453130	33.648313
0.453130	21.201640
0.453131	22.164870
0.453131	16.497497
0.453131	35.601751
0.453131	15.912323
0.453132	10.163060
0.453132	17.327735
0.453132	24.050092
0.453132	54.285186
0.453132	57.668009
0.453132	18.997258
0.453132	29.077268
0.453132	43.525189
0.453133	23.063024
0.453133	16.388249
0.453133	57.226159
0.453133	27.607436
0.453133	56.399922
0.453133	40.947137
0.453133	18.243659
0.453133	12.284393
0.453133	18.830067
0.453133	38.730791
0.453133	27.767516
0.453133	53.197853
0.453133	27.220732
0.453133	49.548044
0.453133	33.472240
0.453133	20.786719
0.453133	29.115217
0.453133	44.852061
0.453133	40.815762
0.453133	30.503165
0.453133	46.648211
0.453133	57.821606
0.453133	19.356555
0.453133	44.966125
0.453133	19.270595
0.453133	55.641144
0.453133	44.375660
0.453133	11.830101
0.453133	12.880413
0.453133	42.760812
0.453133	13.083682
0.453133	25.653048
0.453133	49.973782
0.453133	21.032418
0.453133	43.334183
0.453133	57.351961
0.453133	56.579259
0.453134	21.287311
0.453134	28.481535
0.453134	24.214839
0.453134	36.254385
0.453134	43.747632
0.453134	24.290378
0.453134	27.435732
0.453134	34.297596
0.453134	18.787719
0.453134	32.715940
0.453134	22.310507
0.453134	28.520782
0.453134	43.236781
0.453134	33.170368
0.453134	10.666872
0.453134	27.736698
0.453134	40.851690
0.453134	30.234548
0.453134	31.203174
0.453134	17.887355
0.453134	16.211638
0.453134	16.480545
0.453134	49.284663
0.453134	11.971622
0.453134	27.876787
0.453134	23.256993
0.453134	20.685980
0.453134	15.298556
0.453134	24.807247
0.453134	15.138551
0.453134	34.511640
0.453134	51.892196
0.453134	19.457331
0.453134	10.560604
0.453134	25.118874
0.453134	45.150975
0.453134	44.883049
0.453134	32.642096
0.453134	13.662889
0.453134	38.589342
0.453134	46.834700
