-0.000000	21.934843
0.000201	29.923060
0.000402	40.404279
0.000603	39.907908
0.000804	13.255944
0.001005	17.148184
0.001206	51.508499
0.001407	20.787291
0.001608	29.000320
0.001809	37.465056
0.002010	34.776332
0.002211	51.376095
0.002412	26.501128
0.002612	17.684770
0.002813	14.936773
0.003014	26.806268
0.003215	47.647893
0.003416	39.294786
0.003617	51.513847
0.003818	32.335778
0.004019	24.476388
0.004220	46.633638
0.004421	45.236117
0.004622	53.920794
0.004823	21.646972
0.005024	54.290866
0.005225	24.236394
0.005426	35.469859
0.005627	48.876024
0.005828	11.772070
0.006029	28.070878
0.006230	39.235502
0.006431	13.524621
0.006632	38.505641
0.006833	33.877097
0.007034	28.278803
0.007235	23.113372
0.007436	34.010968
0.007636	15.681438
0.007837	57.929765
0.008038	18.472608
0.008239	19.629067
0.008440	38.928347
0.008641	11.428126
0.008842	43.884616
0.009043	48.983099
0.009244	15.374655
0.009445	54.365556
0.009646	10.965649
0.009847	47.554855
0.010048	27.724990
0.010249	47.980052
0.010450	18.509351
0.010651	14.407401
0.010852	39.131105
0.011053	17.194564
0.011254	23.900060
0.011455	35.075994
0.011656	21.699758
0.011857	41.596943
0.012058	18.741428
0.012259	37.417167
0.012460	34.852789
0.012660	51.508088
0.012861	43.630892
0.013062	11.306171
0.013263	30.635329
0.013464	51.572018
0.013665	33.427809
0.013866	20.709447
0.014067	19.692178
0.014268	40.304078
0.014469	22.274668
0.014670	51.395478
0.014871	37.902028
0.015072	22.137475
0.015273	43.828205
0.015474	40.732342
0.015675	18.273520
0.015876	10.610629
0.016077	29.703281
0.016278	42.778777
0.016479	17.665408
0.016680	29.544508
0.016881	52.841327
0.017082	47.652462
0.017283	35.404568
0.017484	25.596228
0.017684	17.660934
0.017885	14.176776
0.018086	26.993762
0.018287	37.859025
0.018488	48.464741
0.018689	22.711255
0.018890	35.336325
0.019091	34.152512
0.019292	14.134130
0.019493	42.301072
0.019694	47.945580
0.019895	23.975993
0.020096	21.574576
0.020297	18.900522
0.020498	39.879540
0.020699	44.002640
0.020900	36.754553
0.021101	24.642388
0.021302	56.043666
0.021503	48.557442
0.021704	48.486721
0.021905	38.035103
0.022106	29.779309
0.022307	43.991251
0.022508	18.628948
0.022708	29.182928
0.022909	30.192455
0.023110	36.493312
0.023311	42.660257
0.023512	27.710384
0.023713	18.363556
0.023914	35.338189
0.024115	45.199865
0.024316	51.083380
0.024517	49.061988
0.024718	15.666033
0.024919	45.789280
0.025120	52.224901
0.025321	14.703252
0.025522	41.396541
0.025723	24.973468
0.025924	47.789044
0.026125	45.898845
0.026326	10.900640
0.026527	19.846640
0.026728	21.786213
0.026929	20.821665
0.027130	39.359925
0.027331	47.916448
0.027532	21.106602
0.027732	32.166603
0.027933	24.262301
0.028134	10.800922
0.028335	32.028637
0.028536	23.368175
0.028737	31.469768
0.028938	37.143166
0.029139	40.291850
0.029340	46.555236
0.029541	49.037038
0.029742	30.278527
0.029943	21.182686
0.030144	21.274257
0.030345	20.344440
0.030546	50.262342
0.030747	34.067525
0.030948	30.250346
0.031149	40.716485
0.031350	19.972812
0.031551	34.983058
0.031752	29.995594
0.031953	16.975208
0.032154	21.068324
0.032355	16.194409
0.032556	31.532053
0.032756	21.919069
0.032957	16.112410
0.033158	11.845154
0.033359	49.207750
0.033560	25.047976
0.033761	14.268382
0.033962	11.782821
0.034163	49.656427
0.034364	32.007736
0.034565	14.484735
0.034766	22.440389
0.034967	24.785805
0.035168	29.813612
0.035369	37.993480
0.035570	13.848148
0.035771	54.936173
0.035972	37.069904
0.036173	20.908426
0.036374	26.807889
0.036575	24.667811
0.036776	49.261335
0.036977	28.275719
0.037178	27.276324
0.037379	12.695004
0.037580	45.179424
0.037780	46.932860
0.037981	49.520927
0.038182	12.498207
0.038383	42.524642
0.038584	16.955905
0.038785	26.468948
0.038986	53.743257
0.039187	32.349187
0.039388	47.068122
0.039589	26.915582
0.039790	15.957103
0.039991	16.375185
0.040192	30.861347
0.040393	54.779738
0.040594	32.266389
0.040795	15.863376
0.040996	49.917183
0.041197	11.890390
0.041398	17.304902
0.041599	37.862534
0.041800	16.030803
0.042001	17.095473
0.042202	28.832811
0.042403	12.666855
0.042604	27.461828
0.042804	40.299235
0.043005	48.421639
0.043206	17.155260
0.043407	46.016988
0.043608	36.070628
0.043809	48.111609
0.044010	23.984376
0.044211	17.606318
0.044412	36.116759
0.044613	41.321560
0.044814	37.489970
0.045015	31.498254
0.045216	53.475333
0.045417	48.447077
0.045618	34.861645
0.045819	44.606102
0.046020	31.934867
0.046221	30.863796
0.046422	48.679667
0.046623	40.021004
0.046824	23.042311
0.047025	48.068202
0.047226	20.338235
0.047427	51.411453
0.047628	28.917440
0.047828	34.937592
0.048029	12.326441
0.048230	35.104935
0.048431	19.497488
0.048632	36.986653
0.048833	39.511793
0.049034	29.732437
0.049235	18.839067
0.049436	34.563883
0.049637	18.347647
0.049838	32.603306
0.050039	19.449588
0.050240	38.481148
0.050441	17.288514
0.050642	41.173028
0.050843	14.654725
0.051044	37.916657
0.051245	24.297116
0.051446	42.017789
0.051647	41.114632
0.051848	54.627096
0.052049	29.621212
0.052250	20.714584
0.052451	33.638946
0.052652	49.326358
0.052852	25.616899
0.053053	25.715485
0.053254	35.117811
0.053455	48.419323
0.053656	57.313175
0.053857	57.320419
0.054058	57.746026
0.054259	35.778197
0.054460	46.517198
0.054661	10.731316
0.054862	48.241828
0.055063	53.529151
0.055264	18.960416
0.055465	33.520597
0.055666	30.992890
0.055867	56.813730
0.056068	47.390730
0.056269	36.069565
0.056470	19.847280
0.056671	31.676433
0.056872	44.139043
0.057073	40.617529
0.057274	20.535772
0.057475	27.191071
0.057676	11.795342
0.057876	41.462105
0.058077	31.186645
0.058278	16.190743
0.058479	37.883730
0.058680	56.614719
0.058881	46.332700
0.059082	33.707190
0.059283	26.501575
0.059484	15.302913
0.059685	12.091297
0.059886	15.481765
0.060087	43.073046
0.060288	35.336852
0.060489	47.214270
0.060690	38.488209
0.060891	38.297154
0.061092	48.590303
0.061293	50.489318
0.061494	27.144246
0.061695	40.830139
0.061896	36.520238
0.062097	18.526877
0.062298	42.198123
0.062499	49.821594
0.062700	43.782578
0.062900	47.709635
0.063101	52.965836
0.063302	11.935445
0.063503	19.005130
0.063704	38.107106
0.063905	19.606618
0.064106	55.204088
0.064307	22.182474
0.064508	33.620223
0.064709	44.562105
0.064910	53.852482
0.065111	55.974711
0.065312	12.017181
0.065513	49.309218
0.065714	23.293368
0.065915	54.800401
0.066116	10.788661
0.066317	38.541052
0.066518	21.754295
0.066719	11.932130
0.066920	21.469019
0.067121	48.307269
0.067322	13.414638
0.067523	34.278676
0.067724	28.684894
0.067924	18.983798
0.068125	10.900171
0.068326	40.445529
0.068527	48.924393
0.068728	15.231130
0.068929	31.943240
0.069130	25.401748
0.069331	55.818255
0.069532	13.935515
0.069733	20.007117
0.069934	55.147687
0.070135	19.949890
0.070336	15.337793
0.070537	55.809038
0.070738	37.268239
0.070939	35.771321
0.071140	11.941256
0.071341	35.289768
0.071542	40.057720
0.071743	26.739352
0.071944	28.800826
0.072145	26.073549
0.072346	49.583534
0.072547	17.240513
0.072747	17.124037
0.072948	22.899489
0.073149	37.869023
0.073350	25.275160
0.073551	36.973853
0.073752	44.122999
0.073953	19.454417
0.074154	18.772209
0.074355	37.475052
0.074556	33.655470
0.074757	38.837651
0.074958	39.581950
0.075159	13.891806
0.075360	12.589047
0.075561	41.484722
0.075762	43.113218
0.075963	16.895056
0.076164	11.504122
0.076365	44.156147
0.076566	56.715898
0.076767	57.760904
0.076968	19.366025
0.077169	27.070837
0.077370	39.251115
0.077571	27.385874
0.077771	15.309656
0.077972	32.292973
0.078173	51.080513
0.078374	13.013152
0.078575	39.586652
0.078776	46.627107
0.078977	51.046174
0.079178	28.968237
0.079379	43.269821
0.079580	34.126379
0.079781	42.723890
0.079982	49.786315
0.080183	53.064196
0.080384	22.042125
0.080585	54.168435
0.080786	57.106509
0.080987	20.717571
0.081188	26.463408
0.081389	17.482602
0.081590	52.645326
0.081791	43.094527
0.081992	11.757998
0.082193	57.570434
0.082394	46.122571
0.082595	19.179410
0.082795	55.225027
0.082996	14.169146
0.083197	10.193398
0.083398	20.747571
0.083599	19.609855
0.083800	11.256810
0.084001	26.326948
0.084202	46.516125
0.084403	24.400103
0.084604	31.583793
0.084805	28.329900
0.085006	11.378408
0.085207	28.754938
0.085408	55.637300
0.085609	41.317348
0.085810	10.970507
0.086011	53.613135
0.086212	41.650024
0.086413	45.245140
0.086614	17.707180
0.086815	49.827357
0.087016	48.633808
0.087217	23.178463
0.087418	48.679631
0.087619	21.275640
0.087819	35.254197
0.088020	19.941361
0.088221	48.276678
0.088422	45.662820
0.088623	30.482277
0.088824	12.009796
0.089025	26.526285
0.089226	32.336320
0.089427	42.403543
0.089628	20.748344
0.089829	20.192182
0.090030	54.979872
0.090231	29.491313
0.090432	28.701465
0.090633	17.418159
0.090834	33.058016
0.091035	42.281044
0.091236	53.942983
0.091437	23.997336
0.091638	53.308926
0.091839	31.572309
0.092040	50.073270
0.092241	45.263881
0.092442	13.420557
0.092643	52.438335
0.092843	29.231056
0.093044	50.478388
0.093245	26.480364
0.093446	15.014895
0.093647	17.476991
0.093848	11.507019
0.094049	23.687457
0.094250	55.365297
0.094451	39.448074
0.094652	51.397893
0.094853	26.019872
0.095054	20.911270
0.095255	13.776900
0.095456	11.718836
0.095657	48.193720
0.095858	23.027816
0.096059	31.068762
0.096260	23.577782
0.096461	46.089210
0.096662	42.518650
0.096863	21.113483
0.097064	18.470566
0.097265	25.034177
0.097466	46.293619
0.097667	42.945747
0.097867	51.480207
0.098068	33.201044
0.098269	38.890036
0.098470	16.083707
0.098671	24.087579
0.098872	24.252163
0.099073	55.127117
0.099274	49.228349
0.099475	44.992178
0.099676	30.355099
0.099877	50.677406
0.100078	48.245998
0.100279	10.928084
0.100480	26.192204
0.100681	30.255277
0.100882	25.799657
0.101083	16.222210
0.101284	13.248171
0.101485	21.998945
0.101686	56.695953
0.101887	42.334344
0.102088	17.186392
0.102289	41.950213
0.102490	53.727758
0.102691	33.419926
0.102891	55.576894
0.103092	51.605669
0.103293	39.216991
0.103494	11.921398
0.103695	30.852340
0.103896	48.102192
0.104097	12.608215
0.104298	28.138423
0.104499	21.105609
0.104700	39.866546
0.104901	12.175246
0.105102	14.727867
0.105303	20.369618
0.105504	39.258947
0.105705	38.260167
0.105906	42.033755
0.106107	52.060760
0.106308	12.087023
0.106509	21.234621
0.106710	31.294623
0.106911	13.206749
0.107112	46.983699
0.107313	42.923009
0.107514	53.679173
0.107715	55.252369
0.107915	33.141316
0.108116	39.196025
0.108317	30.964526
0.108518	38.328548
0.108719	52.520279
0.108920	56.568610
0.109121	31.245291
0.109322	50.197292
0.109523	28.657333
0.109724	18.623980
0.109925	51.476837
0.110126	17.337723
0.110327	37.556079
0.110528	18.423235
0.110729	29.883595
0.110930	21.522364
0.111131	48.435422
0.111332	53.999644
0.111533	29.270429
0.111734	40.992549
0.111935	11.604240
0.112136	32.501925
0.112337	48.788995
0.112538	46.131377
0.112739	27.930386
0.112939	21.068905
0.113140	28.961347
0.113341	34.083169
0.113542	54.284192
0.113743	28.020446
0.113944	55.341883
0.114145	25.475910
0.114346	12.574630
0.114547	29.883443
0.114748	29.777300
0.114949	12.962627
0.115150	12.323632
0.115351	52.794884
0.115552	36.718657
0.115753	33.714877
0.115954	25.639940
0.116155	56.353054
0.116356	48.557587
0.116557	32.573801
0.116758	38.534394
0.116959	46.075256
0.117160	51.170449
0.117361	33.253091
0.117562	10.814452
0.117763	52.832184
0.117963	12.921209
0.118164	36.294620
0.118365	57.272316
0.118566	36.290852
0.118767	55.340221
0.118968	46.039038
0.119169	24.675597
0.119370	14.364488
0.119571	30.374663
0.119772	55.554400
0.119973	36.380492
0.120174	10.072559
0.120375	26.939464
0.120576	13.842243
0.120777	26.182374
0.120978	42.825899
0.121179	50.088988
0.121380	20.738711
0.121581	55.414727
0.121782	34.853437
0.121983	19.931538
0.122184	54.574023
0.122385	39.110460
0.122586	40.134034
0.122787	18.798707
0.122987	41.822266
0.123188	40.858423
0.123389	34.181904
0.123590	37.746218
0.123791	24.742354
0.123992	53.059572
0.124193	25.577729
0.124394	48.910444
0.124595	13.286061
0.124796	42.697747
0.124997	36.826014
0.125198	10.861628
0.125399	31.167548
0.125600	10.962281
0.125801	51.812061
0.126002	42.864141
0.126203	51.369787
0.126404	49.911928
0.126605	26.043146
0.126806	33.039819
0.127007	35.459971
0.127208	52.071471
0.127409	41.660594
0.127610	28.488286
0.127811	16.718857
0.128011	44.352221
0.128212	54.990855
0.128413	24.715258
0.128614	31.891995
0.128815	50.741822
0.129016	18.267602
0.129217	51.376209
0.129418	17.141389
0.129619	17.518512
0.129820	25.945022
0.130021	37.198263
0.130222	54.476582
0.130423	51.437119
0.130624	11.077159
0.130825	32.035128
0.131026	21.121105
0.131227	31.962977
0.131428	45.220937
0.131629	30.861198
0.131830	25.331209
0.132031	38.433085
0.132232	55.791989
0.132433	39.770263
0.132634	18.203837
0.132835	28.869863
0.133035	33.559806
0.133236	47.635862
0.133437	20.150008
0.133638	52.177848
0.133839	50.096405
0.134040	32.937436
0.134241	32.225204
0.134442	16.803433
0.134643	22.018142
0.134844	10.772065
0.135045	21.246656
0.135246	15.872191
0.135447	20.574652
0.135648	41.098892
0.135849	12.757247
0.136050	35.629491
0.136251	46.875176
0.136452	11.577520
0.136653	54.006678
0.136854	22.547863
0.137055	54.266172
0.137256	19.640756
0.137457	19.540817
0.137658	37.752716
0.137859	33.407942
0.138059	21.569445
0.138260	55.583402
0.138461	41.863798
0.138662	56.011037
0.138863	23.862526
0.139064	41.121930
0.139265	52.525351
0.139466	55.564452
0.139667	20.383890
0.139868	49.765389
0.140069	30.017369
0.140270	20.236456
0.140471	30.111387
0.140672	25.209836
0.140873	45.680446
0.141074	56.446985
0.141275	55.616897
0.141476	29.254262
0.141677	17.598657
0.141878	56.540954
0.142079	23.605208
0.142280	34.805502
0.142481	32.036183
0.142682	41.858779
0.142883	38.241919
0.143083	21.172814
0.143284	26.223224
0.143485	14.178993
0.143686	41.633101
0.143887	33.919081
0.144088	37.405880
0.144289	17.131641
0.144490	54.805189
0.144691	49.627737
0.144892	12.843981
0.145093	57.261148
0.145294	11.902360
0.145495	19.550620
0.145696	42.166832
0.145897	37.838706
0.146098	29.157773
0.146299	42.359897
0.146500	30.579713
0.146701	47.516588
0.146902	54.399278
0.147103	16.164390
0.147304	24.384611
0.147505	48.604183
0.147706	34.093965
0.147907	56.122295
0.148107	17.098547
0.148308	17.669847
0.148509	14.320933
0.148710	15.015894
0.148911	15.003092
0.149112	32.575098
0.149313	12.971727
0.149514	19.663366
0.149715	45.476382
0.149916	21.737249
0.150117	22.318771
0.150318	43.985218
0.150519	46.502243
0.150720	17.062046
0.150921	26.343224
0.151122	44.960876
0.151323	31.220372
0.151524	22.198965
0.151725	50.635432
0.151926	37.944057
0.152127	50.101451
0.152328	37.772246
0.152529	33.991868
0.152730	11.651874
0.152931	30.364808
0.153131	33.788062
0.153332	30.502590
0.153533	37.139942
0.153734	28.623655
0.153935	51.311081
0.154136	33.774885
0.154337	18.216445
0.154538	25.105402
0.154739	27.034386
0.154940	37.594921
0.155141	16.657999
0.155342	36.636685
0.155543	45.961371
0.155744	43.982988
0.155945	16.753632
0.156146	20.057362
0.156347	14.763428
0.156548	45.241897
0.156749	11.195615
0.156950	40.428414
0.157151	28.988923
0.157352	19.386731
0.157553	10.752145
0.157754	53.455693
0.157955	57.100196
0.158155	41.584037
0.158356	28.606676
0.158557	36.969023
0.158758	26.733985
0.158959	22.451792
0.159160	29.593173
0.159361	13.773830
0.159562	29.281402
0.159763	57.230410
0.159964	54.050386
0.160165	10.093591
0.160366	16.102765
0.160567	31.018027
0.160768	52.140980
0.160969	47.839507
0.161170	19.675626
0.161371	38.410970
0.161572	34.889443
0.161773	30.514806
0.161974	40.173367
0.162175	19.280269
0.162376	11.735683
0.162577	52.350618
0.162778	47.218961
0.162979	18.559439
0.163179	47.715369
0.163380	54.263499
0.163581	31.033891
0.163782	33.966343
0.163983	10.517333
0.164184	44.356614
0.164385	47.232182
0.164586	49.653195
0.164787	35.196323
0.164988	38.722398
0.165189	12.797047
0.165390	52.327394
0.165591	11.028344
0.165792	42.665052
0.165993	50.887235
0.166194	50.441394
0.166395	20.775094
0.166596	15.548384
0.166797	19.862518
0.166998	37.598711
0.167199	43.688925
0.167400	16.420163
0.167601	40.977280
0.167802	23.595340
0.168003	39.902965
0.168203	38.443796
0.168404	25.011686
0.168605	23.535519
0.168806	29.819396
0.169007	20.584946
0.169208	27.859120
0.169409	18.394686
0.169610	52.567855
0.169811	18.576995
0.170012	24.672566
0.170213	48.307821
0.170414	39.626848
0.170615	38.584455
0.170816	43.587265
0.171017	49.262799
0.171218	52.780451
0.171419	31.222799
0.171620	22.882916
0.171821	53.399603
0.172022	37.220272
0.172223	13.256022
0.172424	13.289331
0.172625	27.936589
0.172826	25.814250
0.173027	28.626747
0.173227	12.743140
0.173428	11.469255
0.173629	35.085910
0.173830	17.157322
0.174031	22.391008
0.174232	48.458628
0.174433	39.522427
0.174634	13.600937
0.174835	33.889051
0.175036	34.878013
0.175237	19.067054
0.175438	48.473289
0.175639	29.759532
0.175840	40.072140
0.176041	54.539399
0.176242	57.688756
0.176443	28.019939
0.176644	17.865539
0.176845	42.312737
0.177046	14.647666
0.177247	27.561687
0.177448	29.578868
0.177649	20.384559
0.177850	10.313917
0.178051	26.824809
0.178251	26.201443
0.178452	26.270715
0.178653	22.107602
0.178854	28.420109
0.179055	18.329647
0.179256	22.005245
0.179457	50.197751
0.179658	15.884658
0.179859	15.043587
0.180060	17.935153
0.180261	32.490953
0.180462	43.072087
0.180663	52.828762
0.180864	37.090717
0.181065	47.947310
0.181266	20.785376
0.181467	41.353773
0.181668	11.724828
0.181869	17.354338
0.182070	48.524064
0.182271	47.928384
0.182472	43.510502
0.182673	56.986675
0.182874	21.028438
0.183075	56.255249
0.183275	51.734953
0.183476	37.153673
0.183677	34.053693
0.183878	36.992092
0.184079	54.740728
0.184280	22.434556
0.184481	32.027248
0.184682	44.658128
0.184883	30.419395
0.185084	54.108329
0.185285	27.143952
0.185486	14.474700
0.185687	43.873886
0.185888	19.190639
0.186089	14.568201
0.186290	51.913200
0.186491	11.564900
0.186692	41.444986
0.186893	26.313954
0.187094	37.172734
0.187295	52.854110
0.187496	21.145241
0.187697	10.296815
0.187898	33.112877
0.188099	54.195523
0.188299	49.394262
0.188500	28.534886
0.188701	46.173937
0.188902	11.901342
0.189103	37.184536
0.189304	22.336829
0.189505	41.798187
0.189706	39.395034
0.189907	51.158267
0.190108	55.545689
0.190309	41.821183
0.190510	41.706676
0.190711	26.794666
0.190912	15.463201
0.191113	40.980267
0.191314	30.593472
0.191515	45.915002
0.191716	29.374079
0.191917	21.443324
0.192118	23.832647
0.192319	43.882281
0.192520	45.761596
0.192721	14.317929
0.192922	37.946284
0.193123	47.031355
0.193323	52.368371
0.193524	39.521364
0.193725	11.639271
0.193926	36.005345
0.194127	53.282506
0.194328	55.797106
0.194529	14.041963
0.194730	48.635385
0.194931	47.313072
0.195132	54.540372
0.195333	32.801049
0.195534	27.755760
0.195735	29.033106
0.195936	51.603358
0.196137	10.779532
0.196338	45.004276
0.196539	14.949647
0.196740	46.090595
0.196941	21.617459
0.197142	54.756101
0.197343	35.417263
0.197544	54.673617
0.197745	21.559611
0.197946	15.808951
0.198147	50.879893
0.198347	41.178518
0.198548	14.937834
0.198749	22.925175
0.198950	12.406295
0.199151	49.380751
0.199352	10.287680
0.199553	53.561081
0.199754	37.101069
0.199955	41.324863
0.200156	13.757877
0.200357	44.685257
0.200558	47.441157
0.200759	27.667562
0.200960	52.848100
0.201161	54.824272
0.201362	11.102592
0.201563	36.485671
0.201764	40.531704
0.201965	38.230770
0.202166	29.114258
0.202367	50.746553
0.202568	40.400061
0.202769	29.109227
0.202970	27.175224
0.203171	32.492733
0.203371	36.459762
0.203572	18.614358
0.203773	39.141680
0.203974	47.531297
0.204175	51.887825
0.204376	45.887499
0.204577	22.936755
0.204778	44.761930
0.204979	23.858761
0.205180	16.248448
0.205381	34.152690
0.205582	20.450622
0.205783	11.480623
0.205984	51.645036
0.206185	32.552330
0.206386	52.793531
0.206587	11.303569
0.206788	47.550898
0.206989	34.176314
0.207190	17.989718
0.207391	41.964806
0.207592	19.593329
0.207793	45.047600
0.207994	47.495419
0.208195	20.714871
0.208395	22.964823
0.208596	44.414003
0.208797	33.121661
0.208998	13.505216
0.209199	50.420185
0.209400	50.303237
0.209601	30.903445
0.209802	51.543627
0.210003	46.318372
0.210204	14.104718
0.210405	37.291404
0.210606	16.157356
0.210807	13.561516
0.211008	35.455041
0.211209	15.261506
0.211410	57.636454
0.211611	56.410380
0.211812	22.901825
0.212013	27.313840
0.212214	24.950868
0.212415	52.074957
0.212616	30.453396
0.212817	15.020991
0.213018	15.774592
0.213219	15.770323
0.213419	33.980531
0.213620	35.872750
0.213821	55.787286
0.214022	32.716126
0.214223	53.962253
0.214424	49.107918
0.214625	23.059040
0.214826	33.384932
0.215027	29.460012
0.215228	53.082736
0.215429	49.747456
0.215630	22.526314
0.215831	34.977034
0.216032	57.163199
0.216233	45.759491
0.216434	32.041211
0.216635	22.453250
0.216836	16.550402
0.217037	41.989274
0.217238	37.224286
0.217439	30.439878
0.217640	30.557538
0.217841	32.452846
0.218042	41.442288
0.218243	28.512023
0.218443	41.583581
0.218644	28.050868
0.218845	52.615491
0.219046	24.403990
0.219247	15.664085
0.219448	47.854160
0.219649	31.028378
0.219850	51.939723
0.220051	33.112595
0.220252	36.375383
0.220453	17.732633
0.220654	49.222420
0.220855	15.909354
0.221056	34.107523
0.221257	43.359854
0.221458	47.132283
0.221659	20.634596
0.221860	37.955619
0.222061	37.378904
0.222262	23.100048
0.222463	11.892861
0.222664	18.846912
0.222865	43.101522
0.223066	38.815167
0.223267	41.367041
0.223467	28.339670
0.223668	33.034842
0.223869	54.680666
0.224070	26.302465
0.224271	45.705745
0.224472	39.930703
0.224673	46.352814
0.224874	55.531044
0.225075	26.743536
0.225276	55.736758
0.225477	25.614989
0.225678	41.040527
0.225879	29.652621
0.226080	24.247715
0.226281	14.255013
0.226482	27.214275
0.226683	21.571476
0.226884	14.346482
0.227085	53.144108
0.227286	24.898228
0.227487	56.377000
0.227688	52.511107
0.227889	50.754639
0.228090	38.963215
0.228291	34.519388
0.228491	57.089180
0.228692	14.504840
0.228893	15.596230
0.229094	46.210988
0.229295	27.529683
0.229496	37.674325
0.229697	54.470266
0.229898	12.354247
0.230099	51.974160
0.230300	35.554870
0.230501	16.228678
0.230702	38.645325
0.230903	13.013068
0.231104	23.218349
0.231305	25.398692
0.231506	46.462117
0.231707	41.042643
0.231908	55.581960
0.232109	57.750687
0.232310	22.909347
0.232511	33.192672
0.232712	48.940833
0.232913	49.454765
0.233114	32.116014
0.233315	10.804438
0.233515	34.065274
0.233716	48.887409
0.233917	36.984101
0.234118	22.698908
0.234319	27.101606
0.234520	27.394413
0.234721	21.060944
0.234922	46.854759
0.235123	27.231703
0.235324	43.098174
0.235525	22.782933
0.235726	21.100154
0.235927	24.032252
0.236128	33.092190
0.236329	23.981440
0.236530	49.546542
0.236731	50.716614
0.236932	55.419264
0.237133	51.814717
0.237334	11.594434
0.237535	19.427684
0.237736	39.258227
0.237937	51.157868
0.238138	15.304345
0.238339	36.060369
0.238539	26.386518
0.238740	40.775428
0.238941	10.900716
0.239142	23.564567
0.239343	49.963009
0.239544	45.833057
0.239745	38.802548
0.239946	12.346070
0.240147	52.221460
0.240348	31.517351
0.240549	22.652251
0.240750	43.011513
0.240951	24.324730
0.241152	26.662408
0.241353	54.791482
0.241554	24.763298
0.241755	32.092606
0.241956	23.659868
0.242157	35.165201
0.242358	52.198850
0.242559	13.108437
0.242760	23.320153
0.242961	46.766457
0.243162	33.585297
0.243363	17.868450
0.243563	57.594107
0.243764	44.116489
0.243965	27.169510
0.244166	38.137154
0.244367	52.345299
0.244568	33.799166
0.244769	36.654353
0.244970	13.801303
0.245171	18.833889
0.245372	50.241662
0.245573	46.731509
0.245774	57.418565
0.245975	31.465974
0.246176	22.791251
0.246377	35.971477
0.246578	35.128210
0.246779	24.307255
0.246980	21.510595
0.247181	12.278568
0.247382	28.382941
0.247583	31.563154
0.247784	30.659413
0.247985	35.965616
0.248186	19.000549
0.248387	45.054354
0.248587	41.467753
0.248788	24.967178
0.248989	56.870333
0.249190	11.764268
0.249391	33.585359
0.249592	57.308520
0.249793	48.872451
0.249994	34.444688
0.250195	42.155471
0.250396	36.237181
0.250597	57.434474
0.250798	44.013960
0.250999	52.794148
0.251200	20.741562
0.251401	20.763882
0.251602	19.256284
0.251803	46.014818
0.252004	27.124028
0.252205	38.849352
0.252406	25.544064
0.252607	51.067504
0.252808	29.108198
0.253009	23.823426
0.253210	49.797967
0.253411	18.025480
0.253611	54.462641
0.253812	57.134405
0.254013	11.709230
0.254214	19.339443
0.254415	24.089748
0.254616	35.750562
0.254817	30.267717
0.255018	40.647063
0.255219	21.087684
0.255420	18.100909
0.255621	20.330343
0.255822	27.831459
0.256023	38.144110
0.256224	35.667879
0.256425	48.031574
0.256626	10.745337
0.256827	15.954764
0.257028	48.447824
0.257229	55.184322
0.257430	49.083333
0.257631	34.373318
0.257832	20.462502
0.258033	15.884967
0.258234	14.773889
0.258435	23.879146
0.258635	12.171443
0.258836	48.812654
0.259037	31.859899
0.259238	22.095108
0.259439	23.259235
0.259640	38.272914
0.259841	29.902793
0.260042	56.948089
0.260243	21.619841
0.260444	31.468263
0.260645	11.804147
0.260846	20.199604
0.261047	11.631171
0.261248	17.692555
0.261449	12.227567
0.261650	34.563184
0.261851	15.084115
0.262052	17.479979
0.262253	39.196715
0.262454	49.989590
0.262655	42.001839
0.262856	54.120357
0.263057	47.979855
0.263258	42.508204
0.263459	10.932329
0.263659	39.928666
0.263860	27.748333
0.264061	49.083773
0.264262	45.740198
0.264463	42.284937
0.264664	18.017408
0.264865	38.804728
0.265066	51.869879
0.265267	14.022659
0.265468	46.561134
0.265669	27.854864
0.265870	57.490202
0.266071	46.531413
0.266272	28.853069
0.266473	13.854032
0.266674	18.646091
0.266875	39.266075
0.267076	23.910436
0.267277	50.657629
0.267478	52.358118
0.267679	19.038185
0.267880	38.219307
0.268081	49.342896
0.268282	17.533109
0.268483	44.970259
0.268683	26.507526
0.268884	16.719979
0.269085	19.024641
0.269286	16.217117
0.269487	44.846152
0.269688	53.497989
0.269889	38.841876
0.270090	55.937650
0.270291	17.481371
0.270492	55.827752
0.270693	18.604355
0.270894	34.370701
0.271095	55.285607
0.271296	18.115672
0.271497	31.780985
0.271698	45.794598
0.271899	17.505177
0.272100	34.110522
0.272301	53.559072
0.272502	21.566309
0.272703	40.580111
0.272904	39.824423
0.273105	36.897743
0.273306	18.071547
0.273507	50.502533
0.273707	25.632584
0.273908	19.771853
0.274109	46.221936
0.274310	56.374568
0.274511	52.360725
0.274712	38.323305
0.274913	23.268496
0.275114	36.744938
0.275315	43.254748
0.275516	56.957747
0.275717	18.801704
0.275918	47.869033
0.276119	28.500297
0.276320	51.097946
0.276521	37.044425
0.276722	40.803287
0.276923	57.853575
0.277124	39.119848
0.277325	56.304275
0.277526	14.217751
0.277727	49.436459
0.277928	22.382252
0.278129	25.274544
0.278330	56.916355
0.278531	52.057833
0.278731	46.721071
0.278932	29.613813
0.279133	40.953061
0.279334	21.391648
0.279535	39.129736
0.279736	35.872157
0.279937	21.024345
0.280138	41.098531
0.280339	17.094559
0.280540	31.163678
0.280741	46.660511
0.280942	57.218580
0.281143	47.350524
0.281344	40.180459
0.281545	13.786381
0.281746	56.065995
0.281947	39.406454
0.282148	26.478421
0.282349	30.732785
0.282550	51.393885
0.282751	29.495488
0.282952	49.507784
0.283153	53.852755
0.283354	13.014654
0.283555	38.312269
0.283755	12.996204
0.283956	55.097172
0.284157	31.857694
0.284358	14.982137
0.284559	20.004330
0.284760	29.464420
0.284961	37.027619
0.285162	51.541831
0.285363	47.950325
0.285564	53.625444
0.285765	50.835568
0.285966	12.427399
0.286167	44.856546
0.286368	27.490521
0.286569	16.126704
0.286770	56.914282
0.286971	24.624912
0.287172	51.413214
0.287373	21.058437
0.287574	51.999587
0.287775	51.249964
0.287976	41.683139
0.288177	13.177657
0.288378	45.126052
0.288579	26.646326
0.288779	40.327746
0.288980	23.227150
0.289181	30.664805
0.289382	57.827943
0.289583	50.342515
0.289784	20.196294
0.289985	53.260832
0.290186	52.344869
0.290387	57.191229
0.290588	28.010636
0.290789	33.840831
0.290990	16.291023
0.291191	52.890992
0.291392	25.967491
0.291593	50.828942
0.291794	48.860847
0.291995	21.569792
0.292196	55.594940
0.292397	24.161204
0.292598	11.073745
0.292799	40.918145
0.293000	18.348570
0.293201	45.310319
0.293402	35.732915
0.293603	35.295712
0.293803	24.667331
0.294004	32.877966
0.294205	42.926374
0.294406	43.653387
0.294607	34.061041
0.294808	47.269768
0.295009	11.445785
0.295210	10.463518
0.295411	31.802579
0.295612	21.553904
0.295813	13.823487
0.296014	57.299572
0.296215	11.255025
0.296416	26.946881
0.296617	10.589856
0.296818	53.367379
0.297019	27.881497
0.297220	53.335512
0.297421	45.622940
0.297622	51.709303
0.297823	40.934487
0.298024	14.754354
0.298225	13.416913
0.298426	46.589042
0.298627	20.362274
0.298827	29.475015
0.299028	19.114088
0.299229	21.400196
0.299430	24.654238
0.299631	47.819946
0.299832	45.896685
0.300033	12.852662
0.300234	21.803540
0.300435	50.564337
0.300636	16.218186
0.300837	12.035348
0.301038	57.537058
0.301239	55.407826
0.301440	48.413420
0.301641	50.632174
0.301842	23.129754
0.302043	29.477878
0.302244	43.678670
0.302445	40.211733
0.302646	53.320747
0.302847	27.944142
0.303048	43.756906
0.303249	50.732776
0.303450	48.566719
0.303651	41.164464
0.303851	42.967333
0.304052	11.149695
0.304253	28.929822
0.304454	41.147656
0.304655	13.202683
0.304856	56.981619
0.305057	46.797921
0.305258	57.889644
0.305459	17.422767
0.305660	45.370137
0.305861	50.912839
0.306062	29.091655
0.306263	48.733512
0.306464	19.423478
0.306665	43.189613
0.306866	45.732155
0.307067	16.446874
0.307268	56.573120
0.307469	51.424966
0.307670	52.514938
0.307871	20.461084
0.308072	36.908148
0.308273	51.316942
0.308474	10.793399
0.308675	45.521637
0.308875	41.856553
0.309076	40.672823
0.309277	42.194664
0.309478	53.238301
0.309679	50.259971
0.309880	37.434140
0.310081	53.709311
0.310282	46.469254
0.310483	35.839158
0.310684	22.841548
0.310885	52.836816
0.311086	26.150439
0.311287	30.313851
0.311488	55.945657
0.311689	14.816101
0.311890	19.274963
0.312091	53.956308
0.312292	41.160143
0.312493	38.578696
0.312694	25.553798
0.312895	26.352428
0.313096	53.506837
0.313297	48.477267
0.313498	42.405684
0.313699	46.475702
0.313899	51.078000
0.314100	36.103389
0.314301	31.747764
0.314502	34.128047
0.314703	50.208257
0.314904	26.393292
0.315105	35.101502
0.315306	10.546763
0.315507	55.480361
0.315708	51.906432
0.315909	25.792783
0.316110	50.688352
0.316311	34.947771
0.316512	28.331677
0.316713	29.098427
0.316914	19.385381
0.317115	54.675429
0.317316	22.883254
0.317517	30.970197
0.317718	39.438640
0.317919	22.276159
0.318120	57.258103
0.318321	13.324394
0.318522	32.274574
0.318723	41.988658
0.318923	15.305643
0.319124	26.243381
0.319325	30.423505
0.319526	51.585579
0.319727	28.366807
0.319928	44.665251
0.320129	57.713979
0.320330	48.078753
0.320531	10.406038
0.320732	28.906264
0.320933	17.519976
0.321134	28.058889
0.321335	38.361326
0.321536	40.018664
0.321737	57.240889
0.321938	54.974280
0.322139	46.875894
0.322340	28.643550
0.322541	50.248576
0.322742	15.282951
0.322943	19.377408
0.323144	25.135798
0.323345	43.346484
0.323546	21.677525
0.323747	47.598207
0.323947	13.758959
0.324148	34.398718
0.324349	15.009909
0.324550	53.432908
0.324751	24.845688
0.324952	15.057141
0.325153	39.491883
0.325354	56.989334
0.325555	12.124615
0.325756	19.534433
0.325957	30.984654
0.326158	22.761187
0.326359	47.388635
0.326560	17.467303
0.326761	45.021105
0.326962	29.371918
0.327163	24.641588
0.327364	24.344282
0.327565	13.100675
0.327766	48.184543
0.327967	29.970376
0.328168	38.674286
0.328369	33.287685
0.328570	45.511220
0.328770	15.385782
0.328971	52.777084
0.329172	37.921992
0.329373	54.508060
0.329574	28.262835
0.329775	13.394247
0.329976	27.494797
0.330177	36.316437
0.330378	52.918920
0.330579	49.882203
0.330780	50.425546
0.330981	52.496375
0.331182	33.671757
0.331383	38.881367
0.331584	16.390686
0.331785	43.788659
0.331986	51.901931
0.332187	27.628074
0.332388	20.754666
0.332589	36.850200
0.332790	36.147371
0.332991	33.903848
0.333192	33.379742
0.333393	55.429080
0.333594	11.176802
0.333794	39.535995
0.333995	18.912258
0.334196	42.639883
0.334397	46.574917
0.334598	44.701293
0.334799	30.400930
0.335000	37.872417
0.335201	29.601452
0.335402	56.743422
0.335603	15.621287
0.335804	12.623861
0.336005	14.167213
0.336206	54.261542
0.336407	20.789412
0.336608	31.728344
0.336809	31.748659
0.337010	38.833942
0.337211	29.800697
0.337412	32.884964
0.337613	37.182717
0.337814	13.295834
0.338015	15.519857
0.338216	14.641113
0.338417	11.632183
0.338618	27.517382
0.338818	13.308331
0.339019	46.990616
0.339220	19.938016
0.339421	25.545950
0.339622	29.574029
0.339823	19.893526
0.340024	38.993485
0.340225	36.126649
0.340426	36.267180
0.340627	23.918142
0.340828	39.740292
0.341029	32.671156
0.341230	16.973742
0.341431	29.572134
0.341632	41.463698
0.341833	10.194858
0.342034	50.421865
0.342235	34.511813
0.342436	37.649655
0.342637	46.709122
0.342838	21.904794
0.343039	45.748402
0.343240	41.323141
0.343441	23.342329
0.343642	17.812996
0.343842	18.167054
0.344043	10.218344
0.344244	19.812309
0.344445	57.057889
0.344646	28.441517
0.344847	51.619652
0.345048	49.946324
0.345249	49.998309
0.345450	37.804886
0.345651	50.492806
0.345852	51.436292
0.346053	21.928580
0.346254	28.630547
0.346455	44.530810
0.346656	36.594237
0.346857	36.565255
0.347058	49.990174
0.347259	43.390244
0.347460	48.899393
0.347661	11.288567
0.347862	23.705231
0.348063	41.152129
0.348264	28.272743
0.348465	28.979050
0.348666	23.514190
0.348866	23.483718
0.349067	49.106613
0.349268	18.732161
0.349469	55.174815
0.349670	32.758175
0.349871	56.033502
0.350072	36.945289
0.350273	43.734207
0.350474	20.255848
0.350675	42.641203
0.350876	27.402307
0.351077	39.467944
0.351278	33.420290
0.351479	48.642033
0.351680	18.780681
0.351881	31.512002
0.352082	37.595523
0.352283	38.649401
0.352484	36.725135
0.352685	46.133647
0.352886	32.242727
0.353087	40.747206
0.353288	46.366990
0.353489	48.202136
0.353690	15.599820
0.353890	21.051019
0.354091	48.242698
0.354292	34.205115
0.354493	52.425360
0.354694	32.224672
0.354895	30.204257
0.355096	49.078361
0.355297	52.937949
0.355498	23.489204
0.355699	11.935663
0.355900	39.869101
0.356101	55.212477
0.356302	17.949484
0.356503	52.851125
0.356704	15.356716
0.356905	47.225724
0.357106	55.988352
0.357307	28.166291
0.357508	33.676073
0.357709	31.061318
0.357910	26.747145
0.358111	37.043407
0.358312	56.903130
0.358513	37.851440
0.358714	25.631606
0.358914	15.732763
0.359115	30.103366
0.359316	40.250148
0.359517	15.042116
0.359718	11.449283
0.359919	43.532983
0.360120	44.022765
0.360321	20.450794
0.360522	24.347066
0.360723	55.791057
0.360924	24.189939
0.361125	54.707901
0.361326	19.857605
0.361527	41.687470
0.361728	34.847860
0.361929	27.386619
0.362130	41.893029
0.362331	46.186306
0.362532	32.856915
0.362733	26.211216
0.362934	42.780800
0.363135	19.598611
0.363336	20.588319
0.363537	30.215043
0.363738	13.110892
0.363938	22.138093
0.364139	23.498695
0.364340	57.171952
0.364541	29.003765
0.364742	11.310458
0.364943	43.125250
0.365144	26.311139
0.365345	48.804464
0.365546	44.557728
0.365747	54.605271
0.365948	40.732831
0.366149	37.476736
0.366350	38.793341
0.366551	50.356883
0.366752	12.670868
0.366953	38.500529
0.367154	24.166582
0.367355	26.353822
0.367556	11.942428
0.367757	19.175357
0.367958	34.636840
0.368159	11.403502
0.368360	53.889572
0.368561	45.614438
0.368762	16.806566
0.368962	49.215952
0.369163	52.939842
0.369364	54.787903
0.369565	10.927602
0.369766	56.075479
0.369967	46.328323
0.370168	24.121247
0.370369	34.711478
0.370570	15.738431
0.370771	35.486787
0.370972	52.955748
0.371173	49.364879
0.371374	21.472860
0.371575	47.732059
0.371776	27.416519
0.371977	20.935755
0.372178	22.389728
0.372379	47.060786
0.372580	29.723867
0.372781	19.061254
0.372982	55.288242
0.373183	33.860984
0.373384	42.976497
0.373585	38.000679
0.373786	50.057178
0.373986	17.287378
0.374187	33.854828
0.374388	15.408290
0.374589	42.944595
0.374790	35.818546
0.374991	49.729547
0.375192	19.603920
0.375393	31.020335
0.375594	32.988572
0.375795	39.109007
0.375996	43.119688
0.376197	28.131575
0.376398	16.754715
0.376599	18.987776
0.376800	15.743399
0.377001	38.897544
0.377202	27.626312
0.377403	31.660984
0.377604	33.052821
0.377805	14.744193
0.378006	13.649377
0.378207	12.208182
0.378408	24.074526
0.378609	37.091808
0.378810	38.557253
0.379010	24.543481
0.379211	16.789656
0.379412	22.853205
0.379613	25.215659
0.379814	32.721740
0.380015	22.161007
0.380216	28.701965
0.380417	13.300646
0.380618	45.917115
0.380819	13.100490
0.381020	23.013841
0.381221	28.761339
0.381422	16.087202
0.381623	50.556257
0.381824	29.273354
0.382025	23.985467
0.382226	40.634029
0.382427	48.069544
0.382628	13.670036
0.382829	42.192341
0.383030	49.522765
0.383231	40.335432
0.383432	43.769119
0.383633	52.947284
0.383834	45.773337
0.384034	43.903653
0.384235	26.889478
0.384436	47.219922
0.384637	53.768336
0.384838	43.913286
0.385039	49.263182
0.385240	48.165161
0.385441	46.333910
0.385642	16.436009
0.385843	44.634672
0.386044	30.438906
0.386245	35.717106
0.386446	50.935620
0.386647	53.501768
0.386848	29.371717
0.387049	30.348947
0.387250	15.526740
0.387451	19.067139
0.387652	43.932527
0.387853	26.988266
0.388054	38.374020
0.388255	47.234102
0.388456	12.883279
0.388657	46.925962
0.388858	29.025619
0.389058	37.137282
0.389259	34.718621
0.389460	48.904950
0.389661	51.590926
0.389862	50.610572
0.390063	44.060013
0.390264	53.680775
0.390465	15.143841
0.390666	50.864751
0.390867	21.392728
0.391068	55.731592
0.391269	14.404581
0.391470	28.218245
0.391671	26.490904
0.391872	23.168080
0.392073	20.128385
0.392274	13.038973
0.392475	12.699030
0.392676	42.523002
0.392877	44.869390
0.393078	38.924633
0.393279	31.166022
0.393480	15.613729
0.393681	36.547879
0.393882	41.584093
0.394082	44.352988
0.394283	28.263293
0.394484	42.378830
0.394685	24.171687
0.394886	48.999747
0.395087	52.140847
0.395288	21.970582
0.395489	43.502904
0.395690	39.852818
0.395891	13.878783
0.396092	41.107796
0.396293	10.540968
0.396494	21.633644
0.396695	12.567382
0.396896	50.906156
0.397097	38.767939
0.397298	41.411351
0.397499	53.026292
0.397700	24.552804
0.397901	37.830713
0.398102	35.385255
0.398303	16.232469
0.398504	27.342227
0.398705	35.222251
0.398906	39.719804
0.399106	31.496363
0.399307	57.700984
0.399508	42.207137
0.399709	34.788489
0.399910	51.143368
0.400111	16.575386
0.400312	31.899193
0.400513	50.729736
0.400714	42.008007
0.400915	40.370868
0.401116	45.507552
0.401317	34.077471
0.401518	34.580321
0.401719	14.557648
0.401920	33.359790
0.402121	55.640707
0.402322	18.208523
0.402523	26.323207
0.402724	23.540115
0.402925	57.772850
0.403126	49.622014
0.403327	36.597816
0.403528	20.583885
0.403729	53.684253
0.403930	52.600882
0.404130	41.735748
0.404331	17.290193
0.404532	54.862118
0.404733	23.768571
0.404934	20.939722
0.405135	16.702549
0.405336	44.604497
0.405537	46.569697
0.405738	52.540186
0.405939	22.014157
0.406140	20.909242
0.406341	31.100764
0.406542	56.883280
0.406743	14.258138
0.406944	48.611084
0.407145	54.103849
0.407346	35.266701
0.407547	27.313129
0.407748	33.020013
0.407949	19.292253
0.408150	46.460207
0.408351	19.388543
0.408552	41.739274
0.408753	20.980107
0.408954	21.123717
0.409154	22.753930
0.409355	36.756516
0.409556	10.442364
0.409757	55.325630
0.409958	22.087816
0.410159	12.081261
0.410360	42.839763
0.410561	41.679739
0.410762	48.784872
0.410963	37.214682
0.411164	48.266246
0.411365	27.953688
0.411566	36.939110
0.411767	45.210420
0.411968	17.837954
0.412169	53.265150
0.412370	57.587582
0.412571	29.807611
0.412772	17.987476
0.412973	55.353284
0.413174	34.907652
0.413375	50.235775
0.413576	14.598055
0.413777	43.012192
0.413978	41.773384
0.414178	26.029680
0.414379	51.041911
0.414580	49.048892
0.414781	26.863108
0.414982	38.051065
0.415183	46.945410
0.415384	25.379468
0.415585	12.752093
0.415786	35.578361
0.415987	55.631431
0.416188	19.866769
0.416389	13.020683
0.416590	52.084413
0.416791	14.109093
0.416992	37.822955
0.417193	26.992377
0.417394	50.263305
0.417595	25.681991
0.417796	49.249508
0.417997	46.413686
0.418198	43.336283
0.418399	12.338602
0.418600	52.394940
0.418801	21.016903
0.419002	45.226522
0.419202	43.273344
0.419403	46.725875
0.419604	31.138140
0.419805	31.746547
0.420006	46.508380
0.420207	39.796978
0.420408	15.587604
0.420609	38.240509
0.420810	56.408330
0.421011	46.776580
0.421212	20.701652
0.421413	16.941758
0.421614	13.863227
0.421815	32.781140
0.422016	20.568822
0.422217	48.867984
0.422418	33.165767
0.422619	23.640039
0.422820	48.302294
0.423021	27.072052
0.423222	29.624420
0.423423	57.692193
0.423624	21.344180
0.423825	32.784119
0.424026	49.110130
0.424226	27.004498
0.424427	20.816229
0.424628	51.315088
0.424829	22.932854
0.425030	21.735339
0.425231	43.902167
0.425432	46.110789
0.425633	18.102136
0.425834	11.655164
0.426035	40.135617
0.426236	50.128407
0.426437	21.404904
0.426638	14.160439
0.426839	39.399725
0.427040	27.714039
0.427241	43.923906
0.427442	55.120635
0.427643	15.116126
0.427844	15.929612
0.428045	43.899795
0.428246	32.289808
0.428447	19.157593
0.428648	15.912569
0.428849	48.026060
0.429050	24.153839
0.429250	13.255084
0.429451	38.335631
0.429652	31.556104
0.429853	30.665176
0.430054	30.184810
0.430255	22.820473
0.430456	57.714659
0.430657	56.634403
0.430858	53.974581
0.431059	56.817067
0.431260	30.044986
0.431461	19.109842
0.431662	43.118095
0.431863	20.747598
0.432064	36.579072
0.432265	27.990742
0.432466	17.264311
0.432667	24.446034
0.432868	15.919637
0.433069	22.100170
0.433270	26.871812
0.433471	47.815289
0.433672	11.667115
0.433873	26.385611
0.434074	32.407305
0.434274	53.169038
0.434475	20.300876
0.434676	24.991594
0.434877	11.718995
0.435078	44.775182
0.435279	56.712736
0.435480	26.654362
0.435681	15.889517
0.435882	21.450115
0.436083	19.158369
0.436284	35.793120
0.436485	46.453990
0.436686	46.297769
0.436887	16.346349
0.437088	43.557570
0.437289	36.431714
0.437490	25.172654
0.437691	33.037891
0.437892	50.832966
0.438093	41.606208
0.438294	37.371421
0.438495	39.579697
0.438696	37.620037
0.438897	49.179526
0.439098	16.258819
0.439298	47.325789
0.439499	56.425520
0.439700	38.311172
0.439901	37.555216
0.440102	12.605952
0.440303	19.195743
0.440504	39.117071
0.440705	13.773673
0.440906	56.227107
0.441107	18.914821
0.441308	40.766452
0.441509	11.786994
0.441710	55.043204
0.441911	14.741461
0.442112	31.457992
0.442313	34.150868
0.442514	35.534108
0.442715	31.686731
0.442916	32.670714
0.443117	13.765530
0.443318	40.866771
0.443519	25.128396
0.443720	45.998886
0.443921	54.403792
0.444122	38.395259
0.444322	27.996442
0.444523	16.421948
0.444724	49.194905
0.444925	28.017316
0.445126	48.629583
0.445327	30.106761
0.445528	17.059329
0.445729	14.151268
0.445930	16.608494
0.446131	38.174114
0.446332	23.877122
0.446533	47.802452
0.446734	11.743650
0.446935	54.269351
0.447136	44.004931
0.447337	11.253274
0.447538	11.262449
0.447739	32.477198
0.447940	29.657128
0.448141	24.746379
0.448342	15.085158
0.448543	39.510132
0.448744	44.991234
0.448945	23.820997
0.449146	27.626623
0.449346	12.160449
0.449547	39.088330
0.449748	37.399167
0.449949	43.862901
0.450150	38.796351
0.450351	38.299490
0.450552	18.687455
0.450753	18.078052
0.450954	42.067753
0.451155	44.201270
0.451356	11.707984
0.451557	51.613040
0.451758	21.512079
0.451959	31.949504
0.452160	44.814869
0.452361	21.032991
0.452562	36.409524
0.452763	41.330155
0.452964	23.554482
0.453165	27.201058
0.453092	25.323632
0.453098	23.966261
0.453103	33.613176
0.453108	23.302556
0.453112	33.596079
0.453115	43.149990
0.453117	22.385396
0.453120	12.042908
0.453121	17.154714
0.453123	42.570494
0.453124	37.506704
0.453125	36.891236
0.453126	13.417614
0.453127	33.235448
0.453127	10.752444
0.453128	30.381863
0.453129	10.524737
0.453129	40.977271
0.453130	40.215200
0.453130	30.303997
0.453130	52.593582
0.453131	27.877518
0.453131	52.630004
0.453131	12.796015
0.453131	44.574874
0.453132	31.197119
0.453132	38.891508
0.453132	23.266119
0.453132	54.356456
0.453132	16.633909
0.453132	36.800248
0.453132	52.005824
0.453132	41.457214
0.453133	45.636107
0.453133	19.439677
0.453133	39.072547
0.453133	54.495662
0.453133	41.937685
0.453133	23.014807
0.453133	19.117304
0.453133	23.901204
0.453133	30.452878
0.453133	18.601717
0.453133	15.403350
0.453133	19.882530
0.453133	51.185708
0.453133	34.944172
0.453133	12.783321
0.453133	20.095519
0.453133	18.296597
0.453133	25.810215
0.453133	55.500220
0.453133	16.385879
0.453133	28.028200
0.453133	44.074482
0.453133	15.281381
0.453133	25.926598
0.453133	22.796372
0.453133	36.071291
0.453133	33.308877
0.453133	24.929091
0.453133	22.767329
0.453133	43.961984
0.453133	16.708627
0.453133	52.102866
0.453133	42.962553
0.453133	35.265497
0.453133	37.304249
0.453133	25.754839
0.453133	44.551900
0.453134	35.910295
0.453134	10.268159
0.453134	47.870816
0.453134	37.983555
0.453134	45.411062
0.453134	34.263849
0.453134	35.436280
0.453134	36.282644
0.453134	56.267883
0.453134	41.801990
0.453134	43.301335
0.453134	12.459794
0.453134	57.181091
0.453134	43.904206
0.453134	16.425692
0.453134	29.170046
0.453134	37.846488
0.453134	47.492728
0.453134	45.239667
0.453134	56.368850
0.453134	42.973811
0.453134	15.340201
0.453134	36.604301
0.453134	57.050045
0.453134	51.861718
0.453134	38.743917
0.453134	43.420120
0.453134	20.694657
0.453134	56.693186
0.453134	11.360760
0.453134	14.040447
0.453134	44.446498
0.453134	43.437961
0.453134	38.537058
0.453134	34.608231
0.453134	12.239526
0.453134	53.663910
0.453134	24.017100
0.453134	36.521378
0.453134	43.101293
0.453134	45.541036
